"","cohort","condition","hemisphere","subregion","area","author","coordinates","rotation_x","rotation_y","mean_1","mean_2","model_name","n","d","num_of_clusters","intensity"
"1","111722","SW P0-P5","RH","ACAd","0.121","LD","W1-1.1","(+)8.500","(-)1.000",65.3814926091622,5176.14136019855,"E",256,1,2,0
"2","111722","SW P0-P5","RH","ACAd","0.121","LD","W1-1.1","(+)8.500","(-)1.000",65.3814926091622,5176.14136019855,"E",256,1,2,0
"3","111722","SW P0-P5","RH","ACAd","0.121","LD","W1-1.1","(+)8.500","(-)1.000",65.3814926091622,5176.14136019855,"E",256,1,2,0
"4","111722","SW P0-P5","RH","ACAd","0.121","LD","W1-1.1","(+)8.500","(-)1.000",65.3814926091622,5176.14136019855,"E",256,1,2,0
"5","111722","SW P0-P5","RH","ACAd","0.121","LD","W1-1.1","(+)8.500","(-)1.000",65.3814926091622,5176.14136019855,"E",256,1,2,0
"6","111722","SW P0-P5","RH","ACAd","0.121","LD","W1-1.1","(+)8.500","(-)1.000",65.3814926091622,5176.14136019855,"E",256,1,2,0
"7","111722","SW P0-P5","RH","ACAd","0.121","LD","W1-1.1","(+)8.500","(-)1.000",65.3814926091622,5176.14136019855,"E",256,1,2,0
"8","111722","SW P0-P5","RH","ACAd","0.121","LD","W1-1.1","(+)8.500","(-)1.000",65.3814926091622,5176.14136019855,"E",256,1,2,0
"9","111722","SW P0-P5","RH","ACAd","0.121","LD","W1-1.1","(+)8.500","(-)1.000",65.3814926091622,5176.14136019855,"E",256,1,2,0
"10","111722","SW P0-P5","RH","ACAd","0.121","LD","W1-1.1","(+)8.500","(-)1.000",65.3814926091622,5176.14136019855,"E",256,1,2,0
"11","111722","SW P0-P5","RH","ACAd","0.121","LD","W1-1.1","(+)8.500","(-)1.000",65.3814926091622,5176.14136019855,"E",256,1,2,0
"12","111722","SW P0-P5","RH","ACAd","0.121","LD","W1-1.1","(+)8.500","(-)1.000",65.3814926091622,5176.14136019855,"E",256,1,2,0
"13","111722","SW P0-P5","RH","ACAd","0.121","LD","W1-1.1","(+)8.500","(-)1.000",65.3814926091622,5176.14136019855,"E",256,1,2,0
"14","111722","SW P0-P5","RH","ACAd","0.121","LD","W1-1.1","(+)8.500","(-)1.000",65.3814926091622,5176.14136019855,"E",256,1,2,0
"15","111722","SW P0-P5","RH","ACAd","0.121","LD","W1-1.1","(+)8.500","(-)1.000",65.3814926091622,5176.14136019855,"E",256,1,2,0
"16","111722","SW P0-P5","RH","ACAd","0.121","LD","W1-1.1","(+)8.500","(-)1.000",65.3814926091622,5176.14136019855,"E",256,1,2,0
"17","111722","SW P0-P5","RH","ACAd","0.121","LD","W1-1.1","(+)8.500","(-)1.000",65.3814926091622,5176.14136019855,"E",256,1,2,8
"18","111722","SW P0-P5","RH","ACAd","0.121","LD","W1-1.1","(+)8.500","(-)1.000",65.3814926091622,5176.14136019855,"E",256,1,2,335
"19","111722","SW P0-P5","RH","ACAd","0.121","LD","W1-1.1","(+)8.500","(-)1.000",65.3814926091622,5176.14136019855,"E",256,1,2,1110
"20","111722","SW P0-P5","RH","ACAd","0.121","LD","W1-1.1","(+)8.500","(-)1.000",65.3814926091622,5176.14136019855,"E",256,1,2,1242
"21","111722","SW P0-P5","RH","ACAd","0.121","LD","W1-1.1","(+)8.500","(-)1.000",65.3814926091622,5176.14136019855,"E",256,1,2,1180
"22","111722","SW P0-P5","RH","ACAd","0.121","LD","W1-1.1","(+)8.500","(-)1.000",65.3814926091622,5176.14136019855,"E",256,1,2,1233
"23","111722","SW P0-P5","RH","ACAd","0.121","LD","W1-1.1","(+)8.500","(-)1.000",65.3814926091622,5176.14136019855,"E",256,1,2,1435
"24","111722","SW P0-P5","RH","ACAd","0.121","LD","W1-1.1","(+)8.500","(-)1.000",65.3814926091622,5176.14136019855,"E",256,1,2,1744
"25","111722","SW P0-P5","RH","ACAd","0.121","LD","W1-1.1","(+)8.500","(-)1.000",65.3814926091622,5176.14136019855,"E",256,1,2,3270
"26","111722","SW P0-P5","RH","ACAd","0.121","LD","W1-1.1","(+)8.500","(-)1.000",65.3814926091622,5176.14136019855,"E",256,1,2,4650
"27","111722","SW P0-P5","RH","ACAd","0.121","LD","W1-1.1","(+)8.500","(-)1.000",65.3814926091622,5176.14136019855,"E",256,1,2,6690
"28","111722","SW P0-P5","RH","ACAd","0.121","LD","W1-1.1","(+)8.500","(-)1.000",65.3814926091622,5176.14136019855,"E",256,1,2,7245
"29","111722","SW P0-P5","RH","ACAd","0.121","LD","W1-1.1","(+)8.500","(-)1.000",65.3814926091622,5176.14136019855,"E",256,1,2,6330
"30","111722","SW P0-P5","RH","ACAd","0.121","LD","W1-1.1","(+)8.500","(-)1.000",65.3814926091622,5176.14136019855,"E",256,1,2,4870
"31","111722","SW P0-P5","RH","ACAd","0.121","LD","W1-1.1","(+)8.500","(-)1.000",65.3814926091622,5176.14136019855,"E",256,1,2,3178
"32","111722","SW P0-P5","RH","ACAd","0.121","LD","W1-1.1","(+)8.500","(-)1.000",65.3814926091622,5176.14136019855,"E",256,1,2,2364
"33","111722","SW P0-P5","RH","ACAd","0.121","LD","W1-1.1","(+)8.500","(-)1.000",65.3814926091622,5176.14136019855,"E",256,1,2,1930
"34","111722","SW P0-P5","RH","ACAd","0.121","LD","W1-1.1","(+)8.500","(-)1.000",65.3814926091622,5176.14136019855,"E",256,1,2,1206
"35","111722","SW P0-P5","RH","ACAd","0.121","LD","W1-1.1","(+)8.500","(-)1.000",65.3814926091622,5176.14136019855,"E",256,1,2,784
"36","111722","SW P0-P5","RH","ACAd","0.121","LD","W1-1.1","(+)8.500","(-)1.000",65.3814926091622,5176.14136019855,"E",256,1,2,596
"37","111722","SW P0-P5","RH","ACAd","0.121","LD","W1-1.1","(+)8.500","(-)1.000",65.3814926091622,5176.14136019855,"E",256,1,2,416
"38","111722","SW P0-P5","RH","ACAd","0.121","LD","W1-1.1","(+)8.500","(-)1.000",65.3814926091622,5176.14136019855,"E",256,1,2,247
"39","111722","SW P0-P5","RH","ACAd","0.121","LD","W1-1.1","(+)8.500","(-)1.000",65.3814926091622,5176.14136019855,"E",256,1,2,156
"40","111722","SW P0-P5","RH","ACAd","0.121","LD","W1-1.1","(+)8.500","(-)1.000",65.3814926091622,5176.14136019855,"E",256,1,2,81
"41","111722","SW P0-P5","RH","ACAd","0.121","LD","W1-1.1","(+)8.500","(-)1.000",65.3814926091622,5176.14136019855,"E",256,1,2,48
"42","111722","SW P0-P5","RH","ACAd","0.121","LD","W1-1.1","(+)8.500","(-)1.000",65.3814926091622,5176.14136019855,"E",256,1,2,31
"43","111722","SW P0-P5","RH","ACAd","0.121","LD","W1-1.1","(+)8.500","(-)1.000",65.3814926091622,5176.14136019855,"E",256,1,2,33
"44","111722","SW P0-P5","RH","ACAd","0.121","LD","W1-1.1","(+)8.500","(-)1.000",65.3814926091622,5176.14136019855,"E",256,1,2,28
"45","111722","SW P0-P5","RH","ACAd","0.121","LD","W1-1.1","(+)8.500","(-)1.000",65.3814926091622,5176.14136019855,"E",256,1,2,16
"46","111722","SW P0-P5","RH","ACAd","0.121","LD","W1-1.1","(+)8.500","(-)1.000",65.3814926091622,5176.14136019855,"E",256,1,2,7
"47","111722","SW P0-P5","RH","ACAd","0.121","LD","W1-1.1","(+)8.500","(-)1.000",65.3814926091622,5176.14136019855,"E",256,1,2,6
"48","111722","SW P0-P5","RH","ACAd","0.121","LD","W1-1.1","(+)8.500","(-)1.000",65.3814926091622,5176.14136019855,"E",256,1,2,2
"49","111722","SW P0-P5","RH","ACAd","0.121","LD","W1-1.1","(+)8.500","(-)1.000",65.3814926091622,5176.14136019855,"E",256,1,2,6
"50","111722","SW P0-P5","RH","ACAd","0.121","LD","W1-1.1","(+)8.500","(-)1.000",65.3814926091622,5176.14136019855,"E",256,1,2,5
"51","111722","SW P0-P5","RH","ACAd","0.121","LD","W1-1.1","(+)8.500","(-)1.000",65.3814926091622,5176.14136019855,"E",256,1,2,0
"52","111722","SW P0-P5","RH","ACAd","0.121","LD","W1-1.1","(+)8.500","(-)1.000",65.3814926091622,5176.14136019855,"E",256,1,2,6
"53","111722","SW P0-P5","RH","ACAd","0.121","LD","W1-1.1","(+)8.500","(-)1.000",65.3814926091622,5176.14136019855,"E",256,1,2,3
"54","111722","SW P0-P5","RH","ACAd","0.121","LD","W1-1.1","(+)8.500","(-)1.000",65.3814926091622,5176.14136019855,"E",256,1,2,3
"55","111722","SW P0-P5","RH","ACAd","0.121","LD","W1-1.1","(+)8.500","(-)1.000",65.3814926091622,5176.14136019855,"E",256,1,2,3
"56","111722","SW P0-P5","RH","ACAd","0.121","LD","W1-1.1","(+)8.500","(-)1.000",65.3814926091622,5176.14136019855,"E",256,1,2,6
"57","111722","SW P0-P5","RH","ACAd","0.121","LD","W1-1.1","(+)8.500","(-)1.000",65.3814926091622,5176.14136019855,"E",256,1,2,1
"58","111722","SW P0-P5","RH","ACAd","0.121","LD","W1-1.1","(+)8.500","(-)1.000",65.3814926091622,5176.14136019855,"E",256,1,2,2
"59","111722","SW P0-P5","RH","ACAd","0.121","LD","W1-1.1","(+)8.500","(-)1.000",65.3814926091622,5176.14136019855,"E",256,1,2,2
"60","111722","SW P0-P5","RH","ACAd","0.121","LD","W1-1.1","(+)8.500","(-)1.000",65.3814926091622,5176.14136019855,"E",256,1,2,0
"61","111722","SW P0-P5","RH","ACAd","0.121","LD","W1-1.1","(+)8.500","(-)1.000",65.3814926091622,5176.14136019855,"E",256,1,2,4
"62","111722","SW P0-P5","RH","ACAd","0.121","LD","W1-1.1","(+)8.500","(-)1.000",65.3814926091622,5176.14136019855,"E",256,1,2,1
"63","111722","SW P0-P5","RH","ACAd","0.121","LD","W1-1.1","(+)8.500","(-)1.000",65.3814926091622,5176.14136019855,"E",256,1,2,0
"64","111722","SW P0-P5","RH","ACAd","0.121","LD","W1-1.1","(+)8.500","(-)1.000",65.3814926091622,5176.14136019855,"E",256,1,2,0
"65","111722","SW P0-P5","RH","ACAd","0.121","LD","W1-1.1","(+)8.500","(-)1.000",65.3814926091622,5176.14136019855,"E",256,1,2,0
"66","111722","SW P0-P5","RH","ACAd","0.121","LD","W1-1.1","(+)8.500","(-)1.000",65.3814926091622,5176.14136019855,"E",256,1,2,0
"67","111722","SW P0-P5","RH","ACAd","0.121","LD","W1-1.1","(+)8.500","(-)1.000",65.3814926091622,5176.14136019855,"E",256,1,2,0
"68","111722","SW P0-P5","RH","ACAd","0.121","LD","W1-1.1","(+)8.500","(-)1.000",65.3814926091622,5176.14136019855,"E",256,1,2,0
"69","111722","SW P0-P5","RH","ACAd","0.121","LD","W1-1.1","(+)8.500","(-)1.000",65.3814926091622,5176.14136019855,"E",256,1,2,0
"70","111722","SW P0-P5","RH","ACAd","0.121","LD","W1-1.1","(+)8.500","(-)1.000",65.3814926091622,5176.14136019855,"E",256,1,2,0
"71","111722","SW P0-P5","RH","ACAd","0.121","LD","W1-1.1","(+)8.500","(-)1.000",65.3814926091622,5176.14136019855,"E",256,1,2,0
"72","111722","SW P0-P5","RH","ACAd","0.121","LD","W1-1.1","(+)8.500","(-)1.000",65.3814926091622,5176.14136019855,"E",256,1,2,0
"73","111722","SW P0-P5","RH","ACAd","0.121","LD","W1-1.1","(+)8.500","(-)1.000",65.3814926091622,5176.14136019855,"E",256,1,2,0
"74","111722","SW P0-P5","RH","ACAd","0.121","LD","W1-1.1","(+)8.500","(-)1.000",65.3814926091622,5176.14136019855,"E",256,1,2,0
"75","111722","SW P0-P5","RH","ACAd","0.121","LD","W1-1.1","(+)8.500","(-)1.000",65.3814926091622,5176.14136019855,"E",256,1,2,0
"76","111722","SW P0-P5","RH","ACAd","0.121","LD","W1-1.1","(+)8.500","(-)1.000",65.3814926091622,5176.14136019855,"E",256,1,2,0
"77","111722","SW P0-P5","RH","ACAd","0.121","LD","W1-1.1","(+)8.500","(-)1.000",65.3814926091622,5176.14136019855,"E",256,1,2,0
"78","111722","SW P0-P5","RH","ACAd","0.121","LD","W1-1.1","(+)8.500","(-)1.000",65.3814926091622,5176.14136019855,"E",256,1,2,0
"79","111722","SW P0-P5","RH","ACAd","0.121","LD","W1-1.1","(+)8.500","(-)1.000",65.3814926091622,5176.14136019855,"E",256,1,2,0
"80","111722","SW P0-P5","RH","ACAd","0.121","LD","W1-1.1","(+)8.500","(-)1.000",65.3814926091622,5176.14136019855,"E",256,1,2,0
"81","111722","SW P0-P5","RH","ACAd","0.121","LD","W1-1.1","(+)8.500","(-)1.000",65.3814926091622,5176.14136019855,"E",256,1,2,0
"82","111722","SW P0-P5","RH","ACAd","0.121","LD","W1-1.1","(+)8.500","(-)1.000",65.3814926091622,5176.14136019855,"E",256,1,2,0
"83","111722","SW P0-P5","RH","ACAd","0.121","LD","W1-1.1","(+)8.500","(-)1.000",65.3814926091622,5176.14136019855,"E",256,1,2,0
"84","111722","SW P0-P5","RH","ACAd","0.121","LD","W1-1.1","(+)8.500","(-)1.000",65.3814926091622,5176.14136019855,"E",256,1,2,0
"85","111722","SW P0-P5","RH","ACAd","0.121","LD","W1-1.1","(+)8.500","(-)1.000",65.3814926091622,5176.14136019855,"E",256,1,2,0
"86","111722","SW P0-P5","RH","ACAd","0.121","LD","W1-1.1","(+)8.500","(-)1.000",65.3814926091622,5176.14136019855,"E",256,1,2,0
"87","111722","SW P0-P5","RH","ACAd","0.121","LD","W1-1.1","(+)8.500","(-)1.000",65.3814926091622,5176.14136019855,"E",256,1,2,0
"88","111722","SW P0-P5","RH","ACAd","0.121","LD","W1-1.1","(+)8.500","(-)1.000",65.3814926091622,5176.14136019855,"E",256,1,2,0
"89","111722","SW P0-P5","RH","ACAd","0.121","LD","W1-1.1","(+)8.500","(-)1.000",65.3814926091622,5176.14136019855,"E",256,1,2,0
"90","111722","SW P0-P5","RH","ACAd","0.121","LD","W1-1.1","(+)8.500","(-)1.000",65.3814926091622,5176.14136019855,"E",256,1,2,0
"91","111722","SW P0-P5","RH","ACAd","0.121","LD","W1-1.1","(+)8.500","(-)1.000",65.3814926091622,5176.14136019855,"E",256,1,2,0
"92","111722","SW P0-P5","RH","ACAd","0.121","LD","W1-1.1","(+)8.500","(-)1.000",65.3814926091622,5176.14136019855,"E",256,1,2,0
"93","111722","SW P0-P5","RH","ACAd","0.121","LD","W1-1.1","(+)8.500","(-)1.000",65.3814926091622,5176.14136019855,"E",256,1,2,0
"94","111722","SW P0-P5","RH","ACAd","0.121","LD","W1-1.1","(+)8.500","(-)1.000",65.3814926091622,5176.14136019855,"E",256,1,2,0
"95","111722","SW P0-P5","RH","ACAd","0.121","LD","W1-1.1","(+)8.500","(-)1.000",65.3814926091622,5176.14136019855,"E",256,1,2,0
"96","111722","SW P0-P5","RH","ACAd","0.121","LD","W1-1.1","(+)8.500","(-)1.000",65.3814926091622,5176.14136019855,"E",256,1,2,0
"97","111722","SW P0-P5","RH","ACAd","0.121","LD","W1-1.1","(+)8.500","(-)1.000",65.3814926091622,5176.14136019855,"E",256,1,2,0
"98","111722","SW P0-P5","RH","ACAd","0.121","LD","W1-1.1","(+)8.500","(-)1.000",65.3814926091622,5176.14136019855,"E",256,1,2,0
"99","111722","SW P0-P5","RH","ACAd","0.121","LD","W1-1.1","(+)8.500","(-)1.000",65.3814926091622,5176.14136019855,"E",256,1,2,0
"100","111722","SW P0-P5","RH","ACAd","0.121","LD","W1-1.1","(+)8.500","(-)1.000",65.3814926091622,5176.14136019855,"E",256,1,2,0
"101","111722","SW P0-P5","RH","ACAd","0.121","LD","W1-1.1","(+)8.500","(-)1.000",65.3814926091622,5176.14136019855,"E",256,1,2,0
"102","111722","SW P0-P5","RH","ACAd","0.121","LD","W1-1.1","(+)8.500","(-)1.000",65.3814926091622,5176.14136019855,"E",256,1,2,0
"103","111722","SW P0-P5","RH","ACAd","0.121","LD","W1-1.1","(+)8.500","(-)1.000",65.3814926091622,5176.14136019855,"E",256,1,2,0
"104","111722","SW P0-P5","RH","ACAd","0.121","LD","W1-1.1","(+)8.500","(-)1.000",65.3814926091622,5176.14136019855,"E",256,1,2,0
"105","111722","SW P0-P5","RH","ACAd","0.121","LD","W1-1.1","(+)8.500","(-)1.000",65.3814926091622,5176.14136019855,"E",256,1,2,0
"106","111722","SW P0-P5","RH","ACAd","0.121","LD","W1-1.1","(+)8.500","(-)1.000",65.3814926091622,5176.14136019855,"E",256,1,2,0
"107","111722","SW P0-P5","RH","ACAd","0.121","LD","W1-1.1","(+)8.500","(-)1.000",65.3814926091622,5176.14136019855,"E",256,1,2,0
"108","111722","SW P0-P5","RH","ACAd","0.121","LD","W1-1.1","(+)8.500","(-)1.000",65.3814926091622,5176.14136019855,"E",256,1,2,0
"109","111722","SW P0-P5","RH","ACAd","0.121","LD","W1-1.1","(+)8.500","(-)1.000",65.3814926091622,5176.14136019855,"E",256,1,2,0
"110","111722","SW P0-P5","RH","ACAd","0.121","LD","W1-1.1","(+)8.500","(-)1.000",65.3814926091622,5176.14136019855,"E",256,1,2,0
"111","111722","SW P0-P5","RH","ACAd","0.121","LD","W1-1.1","(+)8.500","(-)1.000",65.3814926091622,5176.14136019855,"E",256,1,2,0
"112","111722","SW P0-P5","RH","ACAd","0.121","LD","W1-1.1","(+)8.500","(-)1.000",65.3814926091622,5176.14136019855,"E",256,1,2,0
"113","111722","SW P0-P5","RH","ACAd","0.121","LD","W1-1.1","(+)8.500","(-)1.000",65.3814926091622,5176.14136019855,"E",256,1,2,0
"114","111722","SW P0-P5","RH","ACAd","0.121","LD","W1-1.1","(+)8.500","(-)1.000",65.3814926091622,5176.14136019855,"E",256,1,2,0
"115","111722","SW P0-P5","RH","ACAd","0.121","LD","W1-1.1","(+)8.500","(-)1.000",65.3814926091622,5176.14136019855,"E",256,1,2,0
"116","111722","SW P0-P5","RH","ACAd","0.121","LD","W1-1.1","(+)8.500","(-)1.000",65.3814926091622,5176.14136019855,"E",256,1,2,0
"117","111722","SW P0-P5","RH","ACAd","0.121","LD","W1-1.1","(+)8.500","(-)1.000",65.3814926091622,5176.14136019855,"E",256,1,2,0
"118","111722","SW P0-P5","RH","ACAd","0.121","LD","W1-1.1","(+)8.500","(-)1.000",65.3814926091622,5176.14136019855,"E",256,1,2,0
"119","111722","SW P0-P5","RH","ACAd","0.121","LD","W1-1.1","(+)8.500","(-)1.000",65.3814926091622,5176.14136019855,"E",256,1,2,0
"120","111722","SW P0-P5","RH","ACAd","0.121","LD","W1-1.1","(+)8.500","(-)1.000",65.3814926091622,5176.14136019855,"E",256,1,2,0
"121","111722","SW P0-P5","RH","ACAd","0.121","LD","W1-1.1","(+)8.500","(-)1.000",65.3814926091622,5176.14136019855,"E",256,1,2,0
"122","111722","SW P0-P5","RH","ACAd","0.121","LD","W1-1.1","(+)8.500","(-)1.000",65.3814926091622,5176.14136019855,"E",256,1,2,0
"123","111722","SW P0-P5","RH","ACAd","0.121","LD","W1-1.1","(+)8.500","(-)1.000",65.3814926091622,5176.14136019855,"E",256,1,2,0
"124","111722","SW P0-P5","RH","ACAd","0.121","LD","W1-1.1","(+)8.500","(-)1.000",65.3814926091622,5176.14136019855,"E",256,1,2,0
"125","111722","SW P0-P5","RH","ACAd","0.121","LD","W1-1.1","(+)8.500","(-)1.000",65.3814926091622,5176.14136019855,"E",256,1,2,0
"126","111722","SW P0-P5","RH","ACAd","0.121","LD","W1-1.1","(+)8.500","(-)1.000",65.3814926091622,5176.14136019855,"E",256,1,2,0
"127","111722","SW P0-P5","RH","ACAd","0.121","LD","W1-1.1","(+)8.500","(-)1.000",65.3814926091622,5176.14136019855,"E",256,1,2,0
"128","111722","SW P0-P5","RH","ACAd","0.121","LD","W1-1.1","(+)8.500","(-)1.000",65.3814926091622,5176.14136019855,"E",256,1,2,0
"129","111722","SW P0-P5","RH","ACAd","0.121","LD","W1-1.1","(+)8.500","(-)1.000",65.3814926091622,5176.14136019855,"E",256,1,2,0
"130","111722","SW P0-P5","RH","ACAd","0.121","LD","W1-1.1","(+)8.500","(-)1.000",65.3814926091622,5176.14136019855,"E",256,1,2,0
"131","111722","SW P0-P5","RH","ACAd","0.121","LD","W1-1.1","(+)8.500","(-)1.000",65.3814926091622,5176.14136019855,"E",256,1,2,0
"132","111722","SW P0-P5","RH","ACAd","0.121","LD","W1-1.1","(+)8.500","(-)1.000",65.3814926091622,5176.14136019855,"E",256,1,2,0
"133","111722","SW P0-P5","RH","ACAd","0.121","LD","W1-1.1","(+)8.500","(-)1.000",65.3814926091622,5176.14136019855,"E",256,1,2,0
"134","111722","SW P0-P5","RH","ACAd","0.121","LD","W1-1.1","(+)8.500","(-)1.000",65.3814926091622,5176.14136019855,"E",256,1,2,0
"135","111722","SW P0-P5","RH","ACAd","0.121","LD","W1-1.1","(+)8.500","(-)1.000",65.3814926091622,5176.14136019855,"E",256,1,2,0
"136","111722","SW P0-P5","RH","ACAd","0.121","LD","W1-1.1","(+)8.500","(-)1.000",65.3814926091622,5176.14136019855,"E",256,1,2,0
"137","111722","SW P0-P5","RH","ACAd","0.121","LD","W1-1.1","(+)8.500","(-)1.000",65.3814926091622,5176.14136019855,"E",256,1,2,0
"138","111722","SW P0-P5","RH","ACAd","0.121","LD","W1-1.1","(+)8.500","(-)1.000",65.3814926091622,5176.14136019855,"E",256,1,2,0
"139","111722","SW P0-P5","RH","ACAd","0.121","LD","W1-1.1","(+)8.500","(-)1.000",65.3814926091622,5176.14136019855,"E",256,1,2,0
"140","111722","SW P0-P5","RH","ACAd","0.121","LD","W1-1.1","(+)8.500","(-)1.000",65.3814926091622,5176.14136019855,"E",256,1,2,0
"141","111722","SW P0-P5","RH","ACAd","0.121","LD","W1-1.1","(+)8.500","(-)1.000",65.3814926091622,5176.14136019855,"E",256,1,2,0
"142","111722","SW P0-P5","RH","ACAd","0.121","LD","W1-1.1","(+)8.500","(-)1.000",65.3814926091622,5176.14136019855,"E",256,1,2,0
"143","111722","SW P0-P5","RH","ACAd","0.121","LD","W1-1.1","(+)8.500","(-)1.000",65.3814926091622,5176.14136019855,"E",256,1,2,0
"144","111722","SW P0-P5","RH","ACAd","0.121","LD","W1-1.1","(+)8.500","(-)1.000",65.3814926091622,5176.14136019855,"E",256,1,2,0
"145","111722","SW P0-P5","RH","ACAd","0.121","LD","W1-1.1","(+)8.500","(-)1.000",65.3814926091622,5176.14136019855,"E",256,1,2,0
"146","111722","SW P0-P5","RH","ACAd","0.121","LD","W1-1.1","(+)8.500","(-)1.000",65.3814926091622,5176.14136019855,"E",256,1,2,0
"147","111722","SW P0-P5","RH","ACAd","0.121","LD","W1-1.1","(+)8.500","(-)1.000",65.3814926091622,5176.14136019855,"E",256,1,2,0
"148","111722","SW P0-P5","RH","ACAd","0.121","LD","W1-1.1","(+)8.500","(-)1.000",65.3814926091622,5176.14136019855,"E",256,1,2,0
"149","111722","SW P0-P5","RH","ACAd","0.121","LD","W1-1.1","(+)8.500","(-)1.000",65.3814926091622,5176.14136019855,"E",256,1,2,0
"150","111722","SW P0-P5","RH","ACAd","0.121","LD","W1-1.1","(+)8.500","(-)1.000",65.3814926091622,5176.14136019855,"E",256,1,2,0
"151","111722","SW P0-P5","RH","ACAd","0.121","LD","W1-1.1","(+)8.500","(-)1.000",65.3814926091622,5176.14136019855,"E",256,1,2,0
"152","111722","SW P0-P5","RH","ACAd","0.121","LD","W1-1.1","(+)8.500","(-)1.000",65.3814926091622,5176.14136019855,"E",256,1,2,0
"153","111722","SW P0-P5","RH","ACAd","0.121","LD","W1-1.1","(+)8.500","(-)1.000",65.3814926091622,5176.14136019855,"E",256,1,2,0
"154","111722","SW P0-P5","RH","ACAd","0.121","LD","W1-1.1","(+)8.500","(-)1.000",65.3814926091622,5176.14136019855,"E",256,1,2,0
"155","111722","SW P0-P5","RH","ACAd","0.121","LD","W1-1.1","(+)8.500","(-)1.000",65.3814926091622,5176.14136019855,"E",256,1,2,0
"156","111722","SW P0-P5","RH","ACAd","0.121","LD","W1-1.1","(+)8.500","(-)1.000",65.3814926091622,5176.14136019855,"E",256,1,2,0
"157","111722","SW P0-P5","RH","ACAd","0.121","LD","W1-1.1","(+)8.500","(-)1.000",65.3814926091622,5176.14136019855,"E",256,1,2,0
"158","111722","SW P0-P5","RH","ACAd","0.121","LD","W1-1.1","(+)8.500","(-)1.000",65.3814926091622,5176.14136019855,"E",256,1,2,0
"159","111722","SW P0-P5","RH","ACAd","0.121","LD","W1-1.1","(+)8.500","(-)1.000",65.3814926091622,5176.14136019855,"E",256,1,2,0
"160","111722","SW P0-P5","RH","ACAd","0.121","LD","W1-1.1","(+)8.500","(-)1.000",65.3814926091622,5176.14136019855,"E",256,1,2,0
"161","111722","SW P0-P5","RH","ACAd","0.121","LD","W1-1.1","(+)8.500","(-)1.000",65.3814926091622,5176.14136019855,"E",256,1,2,0
"162","111722","SW P0-P5","RH","ACAd","0.121","LD","W1-1.1","(+)8.500","(-)1.000",65.3814926091622,5176.14136019855,"E",256,1,2,0
"163","111722","SW P0-P5","RH","ACAd","0.121","LD","W1-1.1","(+)8.500","(-)1.000",65.3814926091622,5176.14136019855,"E",256,1,2,0
"164","111722","SW P0-P5","RH","ACAd","0.121","LD","W1-1.1","(+)8.500","(-)1.000",65.3814926091622,5176.14136019855,"E",256,1,2,0
"165","111722","SW P0-P5","RH","ACAd","0.121","LD","W1-1.1","(+)8.500","(-)1.000",65.3814926091622,5176.14136019855,"E",256,1,2,0
"166","111722","SW P0-P5","RH","ACAd","0.121","LD","W1-1.1","(+)8.500","(-)1.000",65.3814926091622,5176.14136019855,"E",256,1,2,0
"167","111722","SW P0-P5","RH","ACAd","0.121","LD","W1-1.1","(+)8.500","(-)1.000",65.3814926091622,5176.14136019855,"E",256,1,2,0
"168","111722","SW P0-P5","RH","ACAd","0.121","LD","W1-1.1","(+)8.500","(-)1.000",65.3814926091622,5176.14136019855,"E",256,1,2,0
"169","111722","SW P0-P5","RH","ACAd","0.121","LD","W1-1.1","(+)8.500","(-)1.000",65.3814926091622,5176.14136019855,"E",256,1,2,0
"170","111722","SW P0-P5","RH","ACAd","0.121","LD","W1-1.1","(+)8.500","(-)1.000",65.3814926091622,5176.14136019855,"E",256,1,2,0
"171","111722","SW P0-P5","RH","ACAd","0.121","LD","W1-1.1","(+)8.500","(-)1.000",65.3814926091622,5176.14136019855,"E",256,1,2,0
"172","111722","SW P0-P5","RH","ACAd","0.121","LD","W1-1.1","(+)8.500","(-)1.000",65.3814926091622,5176.14136019855,"E",256,1,2,0
"173","111722","SW P0-P5","RH","ACAd","0.121","LD","W1-1.1","(+)8.500","(-)1.000",65.3814926091622,5176.14136019855,"E",256,1,2,0
"174","111722","SW P0-P5","RH","ACAd","0.121","LD","W1-1.1","(+)8.500","(-)1.000",65.3814926091622,5176.14136019855,"E",256,1,2,0
"175","111722","SW P0-P5","RH","ACAd","0.121","LD","W1-1.1","(+)8.500","(-)1.000",65.3814926091622,5176.14136019855,"E",256,1,2,0
"176","111722","SW P0-P5","RH","ACAd","0.121","LD","W1-1.1","(+)8.500","(-)1.000",65.3814926091622,5176.14136019855,"E",256,1,2,0
"177","111722","SW P0-P5","RH","ACAd","0.121","LD","W1-1.1","(+)8.500","(-)1.000",65.3814926091622,5176.14136019855,"E",256,1,2,0
"178","111722","SW P0-P5","RH","ACAd","0.121","LD","W1-1.1","(+)8.500","(-)1.000",65.3814926091622,5176.14136019855,"E",256,1,2,0
"179","111722","SW P0-P5","RH","ACAd","0.121","LD","W1-1.1","(+)8.500","(-)1.000",65.3814926091622,5176.14136019855,"E",256,1,2,0
"180","111722","SW P0-P5","RH","ACAd","0.121","LD","W1-1.1","(+)8.500","(-)1.000",65.3814926091622,5176.14136019855,"E",256,1,2,0
"181","111722","SW P0-P5","RH","ACAd","0.121","LD","W1-1.1","(+)8.500","(-)1.000",65.3814926091622,5176.14136019855,"E",256,1,2,0
"182","111722","SW P0-P5","RH","ACAd","0.121","LD","W1-1.1","(+)8.500","(-)1.000",65.3814926091622,5176.14136019855,"E",256,1,2,0
"183","111722","SW P0-P5","RH","ACAd","0.121","LD","W1-1.1","(+)8.500","(-)1.000",65.3814926091622,5176.14136019855,"E",256,1,2,0
"184","111722","SW P0-P5","RH","ACAd","0.121","LD","W1-1.1","(+)8.500","(-)1.000",65.3814926091622,5176.14136019855,"E",256,1,2,0
"185","111722","SW P0-P5","RH","ACAd","0.121","LD","W1-1.1","(+)8.500","(-)1.000",65.3814926091622,5176.14136019855,"E",256,1,2,0
"186","111722","SW P0-P5","RH","ACAd","0.121","LD","W1-1.1","(+)8.500","(-)1.000",65.3814926091622,5176.14136019855,"E",256,1,2,0
"187","111722","SW P0-P5","RH","ACAd","0.121","LD","W1-1.1","(+)8.500","(-)1.000",65.3814926091622,5176.14136019855,"E",256,1,2,0
"188","111722","SW P0-P5","RH","ACAd","0.121","LD","W1-1.1","(+)8.500","(-)1.000",65.3814926091622,5176.14136019855,"E",256,1,2,0
"189","111722","SW P0-P5","RH","ACAd","0.121","LD","W1-1.1","(+)8.500","(-)1.000",65.3814926091622,5176.14136019855,"E",256,1,2,0
"190","111722","SW P0-P5","RH","ACAd","0.121","LD","W1-1.1","(+)8.500","(-)1.000",65.3814926091622,5176.14136019855,"E",256,1,2,0
"191","111722","SW P0-P5","RH","ACAd","0.121","LD","W1-1.1","(+)8.500","(-)1.000",65.3814926091622,5176.14136019855,"E",256,1,2,0
"192","111722","SW P0-P5","RH","ACAd","0.121","LD","W1-1.1","(+)8.500","(-)1.000",65.3814926091622,5176.14136019855,"E",256,1,2,0
"193","111722","SW P0-P5","RH","ACAd","0.121","LD","W1-1.1","(+)8.500","(-)1.000",65.3814926091622,5176.14136019855,"E",256,1,2,0
"194","111722","SW P0-P5","RH","ACAd","0.121","LD","W1-1.1","(+)8.500","(-)1.000",65.3814926091622,5176.14136019855,"E",256,1,2,0
"195","111722","SW P0-P5","RH","ACAd","0.121","LD","W1-1.1","(+)8.500","(-)1.000",65.3814926091622,5176.14136019855,"E",256,1,2,0
"196","111722","SW P0-P5","RH","ACAd","0.121","LD","W1-1.1","(+)8.500","(-)1.000",65.3814926091622,5176.14136019855,"E",256,1,2,0
"197","111722","SW P0-P5","RH","ACAd","0.121","LD","W1-1.1","(+)8.500","(-)1.000",65.3814926091622,5176.14136019855,"E",256,1,2,0
"198","111722","SW P0-P5","RH","ACAd","0.121","LD","W1-1.1","(+)8.500","(-)1.000",65.3814926091622,5176.14136019855,"E",256,1,2,0
"199","111722","SW P0-P5","RH","ACAd","0.121","LD","W1-1.1","(+)8.500","(-)1.000",65.3814926091622,5176.14136019855,"E",256,1,2,0
"200","111722","SW P0-P5","RH","ACAd","0.121","LD","W1-1.1","(+)8.500","(-)1.000",65.3814926091622,5176.14136019855,"E",256,1,2,0
"201","111722","SW P0-P5","RH","ACAd","0.121","LD","W1-1.1","(+)8.500","(-)1.000",65.3814926091622,5176.14136019855,"E",256,1,2,0
"202","111722","SW P0-P5","RH","ACAd","0.121","LD","W1-1.1","(+)8.500","(-)1.000",65.3814926091622,5176.14136019855,"E",256,1,2,0
"203","111722","SW P0-P5","RH","ACAd","0.121","LD","W1-1.1","(+)8.500","(-)1.000",65.3814926091622,5176.14136019855,"E",256,1,2,0
"204","111722","SW P0-P5","RH","ACAd","0.121","LD","W1-1.1","(+)8.500","(-)1.000",65.3814926091622,5176.14136019855,"E",256,1,2,0
"205","111722","SW P0-P5","RH","ACAd","0.121","LD","W1-1.1","(+)8.500","(-)1.000",65.3814926091622,5176.14136019855,"E",256,1,2,0
"206","111722","SW P0-P5","RH","ACAd","0.121","LD","W1-1.1","(+)8.500","(-)1.000",65.3814926091622,5176.14136019855,"E",256,1,2,0
"207","111722","SW P0-P5","RH","ACAd","0.121","LD","W1-1.1","(+)8.500","(-)1.000",65.3814926091622,5176.14136019855,"E",256,1,2,0
"208","111722","SW P0-P5","RH","ACAd","0.121","LD","W1-1.1","(+)8.500","(-)1.000",65.3814926091622,5176.14136019855,"E",256,1,2,0
"209","111722","SW P0-P5","RH","ACAd","0.121","LD","W1-1.1","(+)8.500","(-)1.000",65.3814926091622,5176.14136019855,"E",256,1,2,0
"210","111722","SW P0-P5","RH","ACAd","0.121","LD","W1-1.1","(+)8.500","(-)1.000",65.3814926091622,5176.14136019855,"E",256,1,2,0
"211","111722","SW P0-P5","RH","ACAd","0.121","LD","W1-1.1","(+)8.500","(-)1.000",65.3814926091622,5176.14136019855,"E",256,1,2,0
"212","111722","SW P0-P5","RH","ACAd","0.121","LD","W1-1.1","(+)8.500","(-)1.000",65.3814926091622,5176.14136019855,"E",256,1,2,0
"213","111722","SW P0-P5","RH","ACAd","0.121","LD","W1-1.1","(+)8.500","(-)1.000",65.3814926091622,5176.14136019855,"E",256,1,2,0
"214","111722","SW P0-P5","RH","ACAd","0.121","LD","W1-1.1","(+)8.500","(-)1.000",65.3814926091622,5176.14136019855,"E",256,1,2,0
"215","111722","SW P0-P5","RH","ACAd","0.121","LD","W1-1.1","(+)8.500","(-)1.000",65.3814926091622,5176.14136019855,"E",256,1,2,0
"216","111722","SW P0-P5","RH","ACAd","0.121","LD","W1-1.1","(+)8.500","(-)1.000",65.3814926091622,5176.14136019855,"E",256,1,2,0
"217","111722","SW P0-P5","RH","ACAd","0.121","LD","W1-1.1","(+)8.500","(-)1.000",65.3814926091622,5176.14136019855,"E",256,1,2,0
"218","111722","SW P0-P5","RH","ACAd","0.121","LD","W1-1.1","(+)8.500","(-)1.000",65.3814926091622,5176.14136019855,"E",256,1,2,0
"219","111722","SW P0-P5","RH","ACAd","0.121","LD","W1-1.1","(+)8.500","(-)1.000",65.3814926091622,5176.14136019855,"E",256,1,2,0
"220","111722","SW P0-P5","RH","ACAd","0.121","LD","W1-1.1","(+)8.500","(-)1.000",65.3814926091622,5176.14136019855,"E",256,1,2,0
"221","111722","SW P0-P5","RH","ACAd","0.121","LD","W1-1.1","(+)8.500","(-)1.000",65.3814926091622,5176.14136019855,"E",256,1,2,0
"222","111722","SW P0-P5","RH","ACAd","0.121","LD","W1-1.1","(+)8.500","(-)1.000",65.3814926091622,5176.14136019855,"E",256,1,2,0
"223","111722","SW P0-P5","RH","ACAd","0.121","LD","W1-1.1","(+)8.500","(-)1.000",65.3814926091622,5176.14136019855,"E",256,1,2,0
"224","111722","SW P0-P5","RH","ACAd","0.121","LD","W1-1.1","(+)8.500","(-)1.000",65.3814926091622,5176.14136019855,"E",256,1,2,0
"225","111722","SW P0-P5","RH","ACAd","0.121","LD","W1-1.1","(+)8.500","(-)1.000",65.3814926091622,5176.14136019855,"E",256,1,2,0
"226","111722","SW P0-P5","RH","ACAd","0.121","LD","W1-1.1","(+)8.500","(-)1.000",65.3814926091622,5176.14136019855,"E",256,1,2,0
"227","111722","SW P0-P5","RH","ACAd","0.121","LD","W1-1.1","(+)8.500","(-)1.000",65.3814926091622,5176.14136019855,"E",256,1,2,0
"228","111722","SW P0-P5","RH","ACAd","0.121","LD","W1-1.1","(+)8.500","(-)1.000",65.3814926091622,5176.14136019855,"E",256,1,2,0
"229","111722","SW P0-P5","RH","ACAd","0.121","LD","W1-1.1","(+)8.500","(-)1.000",65.3814926091622,5176.14136019855,"E",256,1,2,0
"230","111722","SW P0-P5","RH","ACAd","0.121","LD","W1-1.1","(+)8.500","(-)1.000",65.3814926091622,5176.14136019855,"E",256,1,2,0
"231","111722","SW P0-P5","RH","ACAd","0.121","LD","W1-1.1","(+)8.500","(-)1.000",65.3814926091622,5176.14136019855,"E",256,1,2,0
"232","111722","SW P0-P5","RH","ACAd","0.121","LD","W1-1.1","(+)8.500","(-)1.000",65.3814926091622,5176.14136019855,"E",256,1,2,0
"233","111722","SW P0-P5","RH","ACAd","0.121","LD","W1-1.1","(+)8.500","(-)1.000",65.3814926091622,5176.14136019855,"E",256,1,2,0
"234","111722","SW P0-P5","RH","ACAd","0.121","LD","W1-1.1","(+)8.500","(-)1.000",65.3814926091622,5176.14136019855,"E",256,1,2,0
"235","111722","SW P0-P5","RH","ACAd","0.121","LD","W1-1.1","(+)8.500","(-)1.000",65.3814926091622,5176.14136019855,"E",256,1,2,0
"236","111722","SW P0-P5","RH","ACAd","0.121","LD","W1-1.1","(+)8.500","(-)1.000",65.3814926091622,5176.14136019855,"E",256,1,2,0
"237","111722","SW P0-P5","RH","ACAd","0.121","LD","W1-1.1","(+)8.500","(-)1.000",65.3814926091622,5176.14136019855,"E",256,1,2,0
"238","111722","SW P0-P5","RH","ACAd","0.121","LD","W1-1.1","(+)8.500","(-)1.000",65.3814926091622,5176.14136019855,"E",256,1,2,0
"239","111722","SW P0-P5","RH","ACAd","0.121","LD","W1-1.1","(+)8.500","(-)1.000",65.3814926091622,5176.14136019855,"E",256,1,2,0
"240","111722","SW P0-P5","RH","ACAd","0.121","LD","W1-1.1","(+)8.500","(-)1.000",65.3814926091622,5176.14136019855,"E",256,1,2,0
"241","111722","SW P0-P5","RH","ACAd","0.121","LD","W1-1.1","(+)8.500","(-)1.000",65.3814926091622,5176.14136019855,"E",256,1,2,0
"242","111722","SW P0-P5","RH","ACAd","0.121","LD","W1-1.1","(+)8.500","(-)1.000",65.3814926091622,5176.14136019855,"E",256,1,2,0
"243","111722","SW P0-P5","RH","ACAd","0.121","LD","W1-1.1","(+)8.500","(-)1.000",65.3814926091622,5176.14136019855,"E",256,1,2,0
"244","111722","SW P0-P5","RH","ACAd","0.121","LD","W1-1.1","(+)8.500","(-)1.000",65.3814926091622,5176.14136019855,"E",256,1,2,0
"245","111722","SW P0-P5","RH","ACAd","0.121","LD","W1-1.1","(+)8.500","(-)1.000",65.3814926091622,5176.14136019855,"E",256,1,2,0
"246","111722","SW P0-P5","RH","ACAd","0.121","LD","W1-1.1","(+)8.500","(-)1.000",65.3814926091622,5176.14136019855,"E",256,1,2,0
"247","111722","SW P0-P5","RH","ACAd","0.121","LD","W1-1.1","(+)8.500","(-)1.000",65.3814926091622,5176.14136019855,"E",256,1,2,0
"248","111722","SW P0-P5","RH","ACAd","0.121","LD","W1-1.1","(+)8.500","(-)1.000",65.3814926091622,5176.14136019855,"E",256,1,2,0
"249","111722","SW P0-P5","RH","ACAd","0.121","LD","W1-1.1","(+)8.500","(-)1.000",65.3814926091622,5176.14136019855,"E",256,1,2,0
"250","111722","SW P0-P5","RH","ACAd","0.121","LD","W1-1.1","(+)8.500","(-)1.000",65.3814926091622,5176.14136019855,"E",256,1,2,0
"251","111722","SW P0-P5","RH","ACAd","0.121","LD","W1-1.1","(+)8.500","(-)1.000",65.3814926091622,5176.14136019855,"E",256,1,2,0
"252","111722","SW P0-P5","RH","ACAd","0.121","LD","W1-1.1","(+)8.500","(-)1.000",65.3814926091622,5176.14136019855,"E",256,1,2,0
"253","111722","SW P0-P5","RH","ACAd","0.121","LD","W1-1.1","(+)8.500","(-)1.000",65.3814926091622,5176.14136019855,"E",256,1,2,0
"254","111722","SW P0-P5","RH","ACAd","0.121","LD","W1-1.1","(+)8.500","(-)1.000",65.3814926091622,5176.14136019855,"E",256,1,2,0
"255","111722","SW P0-P5","RH","ACAd","0.121","LD","W1-1.1","(+)8.500","(-)1.000",65.3814926091622,5176.14136019855,"E",256,1,2,0
"256","111722","SW P0-P5","RH","ACAd","0.121","LD","W1-1.1","(+)8.500","(-)1.000",65.3814926091622,5176.14136019855,"E",256,1,2,0
