"","cohort","condition","hemisphere","subregion","area","author","coordinates","rotation_x","rotation_y","mean_1","model_name","n","d","num_of_clusters","intensity"
"1","111722","SH P0-P5","LH","SSp-tr","0.337","RS","W3-2.2","(+)2.500","(-)2.500",571.37109375,"X",256,1,1,0
"2","111722","SH P0-P5","LH","SSp-tr","0.337","RS","W3-2.2","(+)2.500","(-)2.500",571.37109375,"X",256,1,1,10
"3","111722","SH P0-P5","LH","SSp-tr","0.337","RS","W3-2.2","(+)2.500","(-)2.500",571.37109375,"X",256,1,1,553
"4","111722","SH P0-P5","LH","SSp-tr","0.337","RS","W3-2.2","(+)2.500","(-)2.500",571.37109375,"X",256,1,1,630
"5","111722","SH P0-P5","LH","SSp-tr","0.337","RS","W3-2.2","(+)2.500","(-)2.500",571.37109375,"X",256,1,1,474
"6","111722","SH P0-P5","LH","SSp-tr","0.337","RS","W3-2.2","(+)2.500","(-)2.500",571.37109375,"X",256,1,1,423
"7","111722","SH P0-P5","LH","SSp-tr","0.337","RS","W3-2.2","(+)2.500","(-)2.500",571.37109375,"X",256,1,1,420
"8","111722","SH P0-P5","LH","SSp-tr","0.337","RS","W3-2.2","(+)2.500","(-)2.500",571.37109375,"X",256,1,1,358
"9","111722","SH P0-P5","LH","SSp-tr","0.337","RS","W3-2.2","(+)2.500","(-)2.500",571.37109375,"X",256,1,1,359
"10","111722","SH P0-P5","LH","SSp-tr","0.337","RS","W3-2.2","(+)2.500","(-)2.500",571.37109375,"X",256,1,1,320
"11","111722","SH P0-P5","LH","SSp-tr","0.337","RS","W3-2.2","(+)2.500","(-)2.500",571.37109375,"X",256,1,1,310
"12","111722","SH P0-P5","LH","SSp-tr","0.337","RS","W3-2.2","(+)2.500","(-)2.500",571.37109375,"X",256,1,1,298
"13","111722","SH P0-P5","LH","SSp-tr","0.337","RS","W3-2.2","(+)2.500","(-)2.500",571.37109375,"X",256,1,1,290
"14","111722","SH P0-P5","LH","SSp-tr","0.337","RS","W3-2.2","(+)2.500","(-)2.500",571.37109375,"X",256,1,1,295
"15","111722","SH P0-P5","LH","SSp-tr","0.337","RS","W3-2.2","(+)2.500","(-)2.500",571.37109375,"X",256,1,1,293
"16","111722","SH P0-P5","LH","SSp-tr","0.337","RS","W3-2.2","(+)2.500","(-)2.500",571.37109375,"X",256,1,1,289
"17","111722","SH P0-P5","LH","SSp-tr","0.337","RS","W3-2.2","(+)2.500","(-)2.500",571.37109375,"X",256,1,1,469
"18","111722","SH P0-P5","LH","SSp-tr","0.337","RS","W3-2.2","(+)2.500","(-)2.500",571.37109375,"X",256,1,1,1174
"19","111722","SH P0-P5","LH","SSp-tr","0.337","RS","W3-2.2","(+)2.500","(-)2.500",571.37109375,"X",256,1,1,3750
"20","111722","SH P0-P5","LH","SSp-tr","0.337","RS","W3-2.2","(+)2.500","(-)2.500",571.37109375,"X",256,1,1,6669
"21","111722","SH P0-P5","LH","SSp-tr","0.337","RS","W3-2.2","(+)2.500","(-)2.500",571.37109375,"X",256,1,1,10075
"22","111722","SH P0-P5","LH","SSp-tr","0.337","RS","W3-2.2","(+)2.500","(-)2.500",571.37109375,"X",256,1,1,12821
"23","111722","SH P0-P5","LH","SSp-tr","0.337","RS","W3-2.2","(+)2.500","(-)2.500",571.37109375,"X",256,1,1,14336
"24","111722","SH P0-P5","LH","SSp-tr","0.337","RS","W3-2.2","(+)2.500","(-)2.500",571.37109375,"X",256,1,1,14505
"25","111722","SH P0-P5","LH","SSp-tr","0.337","RS","W3-2.2","(+)2.500","(-)2.500",571.37109375,"X",256,1,1,13535
"26","111722","SH P0-P5","LH","SSp-tr","0.337","RS","W3-2.2","(+)2.500","(-)2.500",571.37109375,"X",256,1,1,11126
"27","111722","SH P0-P5","LH","SSp-tr","0.337","RS","W3-2.2","(+)2.500","(-)2.500",571.37109375,"X",256,1,1,8970
"28","111722","SH P0-P5","LH","SSp-tr","0.337","RS","W3-2.2","(+)2.500","(-)2.500",571.37109375,"X",256,1,1,7102
"29","111722","SH P0-P5","LH","SSp-tr","0.337","RS","W3-2.2","(+)2.500","(-)2.500",571.37109375,"X",256,1,1,5690
"30","111722","SH P0-P5","LH","SSp-tr","0.337","RS","W3-2.2","(+)2.500","(-)2.500",571.37109375,"X",256,1,1,4557
"31","111722","SH P0-P5","LH","SSp-tr","0.337","RS","W3-2.2","(+)2.500","(-)2.500",571.37109375,"X",256,1,1,3576
"32","111722","SH P0-P5","LH","SSp-tr","0.337","RS","W3-2.2","(+)2.500","(-)2.500",571.37109375,"X",256,1,1,3170
"33","111722","SH P0-P5","LH","SSp-tr","0.337","RS","W3-2.2","(+)2.500","(-)2.500",571.37109375,"X",256,1,1,2929
"34","111722","SH P0-P5","LH","SSp-tr","0.337","RS","W3-2.2","(+)2.500","(-)2.500",571.37109375,"X",256,1,1,2617
"35","111722","SH P0-P5","LH","SSp-tr","0.337","RS","W3-2.2","(+)2.500","(-)2.500",571.37109375,"X",256,1,1,1996
"36","111722","SH P0-P5","LH","SSp-tr","0.337","RS","W3-2.2","(+)2.500","(-)2.500",571.37109375,"X",256,1,1,1340
"37","111722","SH P0-P5","LH","SSp-tr","0.337","RS","W3-2.2","(+)2.500","(-)2.500",571.37109375,"X",256,1,1,911
"38","111722","SH P0-P5","LH","SSp-tr","0.337","RS","W3-2.2","(+)2.500","(-)2.500",571.37109375,"X",256,1,1,847
"39","111722","SH P0-P5","LH","SSp-tr","0.337","RS","W3-2.2","(+)2.500","(-)2.500",571.37109375,"X",256,1,1,859
"40","111722","SH P0-P5","LH","SSp-tr","0.337","RS","W3-2.2","(+)2.500","(-)2.500",571.37109375,"X",256,1,1,725
"41","111722","SH P0-P5","LH","SSp-tr","0.337","RS","W3-2.2","(+)2.500","(-)2.500",571.37109375,"X",256,1,1,623
"42","111722","SH P0-P5","LH","SSp-tr","0.337","RS","W3-2.2","(+)2.500","(-)2.500",571.37109375,"X",256,1,1,604
"43","111722","SH P0-P5","LH","SSp-tr","0.337","RS","W3-2.2","(+)2.500","(-)2.500",571.37109375,"X",256,1,1,581
"44","111722","SH P0-P5","LH","SSp-tr","0.337","RS","W3-2.2","(+)2.500","(-)2.500",571.37109375,"X",256,1,1,564
"45","111722","SH P0-P5","LH","SSp-tr","0.337","RS","W3-2.2","(+)2.500","(-)2.500",571.37109375,"X",256,1,1,479
"46","111722","SH P0-P5","LH","SSp-tr","0.337","RS","W3-2.2","(+)2.500","(-)2.500",571.37109375,"X",256,1,1,432
"47","111722","SH P0-P5","LH","SSp-tr","0.337","RS","W3-2.2","(+)2.500","(-)2.500",571.37109375,"X",256,1,1,462
"48","111722","SH P0-P5","LH","SSp-tr","0.337","RS","W3-2.2","(+)2.500","(-)2.500",571.37109375,"X",256,1,1,431
"49","111722","SH P0-P5","LH","SSp-tr","0.337","RS","W3-2.2","(+)2.500","(-)2.500",571.37109375,"X",256,1,1,376
"50","111722","SH P0-P5","LH","SSp-tr","0.337","RS","W3-2.2","(+)2.500","(-)2.500",571.37109375,"X",256,1,1,351
"51","111722","SH P0-P5","LH","SSp-tr","0.337","RS","W3-2.2","(+)2.500","(-)2.500",571.37109375,"X",256,1,1,292
"52","111722","SH P0-P5","LH","SSp-tr","0.337","RS","W3-2.2","(+)2.500","(-)2.500",571.37109375,"X",256,1,1,254
"53","111722","SH P0-P5","LH","SSp-tr","0.337","RS","W3-2.2","(+)2.500","(-)2.500",571.37109375,"X",256,1,1,205
"54","111722","SH P0-P5","LH","SSp-tr","0.337","RS","W3-2.2","(+)2.500","(-)2.500",571.37109375,"X",256,1,1,190
"55","111722","SH P0-P5","LH","SSp-tr","0.337","RS","W3-2.2","(+)2.500","(-)2.500",571.37109375,"X",256,1,1,164
"56","111722","SH P0-P5","LH","SSp-tr","0.337","RS","W3-2.2","(+)2.500","(-)2.500",571.37109375,"X",256,1,1,119
"57","111722","SH P0-P5","LH","SSp-tr","0.337","RS","W3-2.2","(+)2.500","(-)2.500",571.37109375,"X",256,1,1,132
"58","111722","SH P0-P5","LH","SSp-tr","0.337","RS","W3-2.2","(+)2.500","(-)2.500",571.37109375,"X",256,1,1,107
"59","111722","SH P0-P5","LH","SSp-tr","0.337","RS","W3-2.2","(+)2.500","(-)2.500",571.37109375,"X",256,1,1,82
"60","111722","SH P0-P5","LH","SSp-tr","0.337","RS","W3-2.2","(+)2.500","(-)2.500",571.37109375,"X",256,1,1,69
"61","111722","SH P0-P5","LH","SSp-tr","0.337","RS","W3-2.2","(+)2.500","(-)2.500",571.37109375,"X",256,1,1,66
"62","111722","SH P0-P5","LH","SSp-tr","0.337","RS","W3-2.2","(+)2.500","(-)2.500",571.37109375,"X",256,1,1,47
"63","111722","SH P0-P5","LH","SSp-tr","0.337","RS","W3-2.2","(+)2.500","(-)2.500",571.37109375,"X",256,1,1,57
"64","111722","SH P0-P5","LH","SSp-tr","0.337","RS","W3-2.2","(+)2.500","(-)2.500",571.37109375,"X",256,1,1,41
"65","111722","SH P0-P5","LH","SSp-tr","0.337","RS","W3-2.2","(+)2.500","(-)2.500",571.37109375,"X",256,1,1,45
"66","111722","SH P0-P5","LH","SSp-tr","0.337","RS","W3-2.2","(+)2.500","(-)2.500",571.37109375,"X",256,1,1,43
"67","111722","SH P0-P5","LH","SSp-tr","0.337","RS","W3-2.2","(+)2.500","(-)2.500",571.37109375,"X",256,1,1,35
"68","111722","SH P0-P5","LH","SSp-tr","0.337","RS","W3-2.2","(+)2.500","(-)2.500",571.37109375,"X",256,1,1,39
"69","111722","SH P0-P5","LH","SSp-tr","0.337","RS","W3-2.2","(+)2.500","(-)2.500",571.37109375,"X",256,1,1,33
"70","111722","SH P0-P5","LH","SSp-tr","0.337","RS","W3-2.2","(+)2.500","(-)2.500",571.37109375,"X",256,1,1,26
"71","111722","SH P0-P5","LH","SSp-tr","0.337","RS","W3-2.2","(+)2.500","(-)2.500",571.37109375,"X",256,1,1,26
"72","111722","SH P0-P5","LH","SSp-tr","0.337","RS","W3-2.2","(+)2.500","(-)2.500",571.37109375,"X",256,1,1,16
"73","111722","SH P0-P5","LH","SSp-tr","0.337","RS","W3-2.2","(+)2.500","(-)2.500",571.37109375,"X",256,1,1,10
"74","111722","SH P0-P5","LH","SSp-tr","0.337","RS","W3-2.2","(+)2.500","(-)2.500",571.37109375,"X",256,1,1,21
"75","111722","SH P0-P5","LH","SSp-tr","0.337","RS","W3-2.2","(+)2.500","(-)2.500",571.37109375,"X",256,1,1,15
"76","111722","SH P0-P5","LH","SSp-tr","0.337","RS","W3-2.2","(+)2.500","(-)2.500",571.37109375,"X",256,1,1,9
"77","111722","SH P0-P5","LH","SSp-tr","0.337","RS","W3-2.2","(+)2.500","(-)2.500",571.37109375,"X",256,1,1,10
"78","111722","SH P0-P5","LH","SSp-tr","0.337","RS","W3-2.2","(+)2.500","(-)2.500",571.37109375,"X",256,1,1,13
"79","111722","SH P0-P5","LH","SSp-tr","0.337","RS","W3-2.2","(+)2.500","(-)2.500",571.37109375,"X",256,1,1,5
"80","111722","SH P0-P5","LH","SSp-tr","0.337","RS","W3-2.2","(+)2.500","(-)2.500",571.37109375,"X",256,1,1,6
"81","111722","SH P0-P5","LH","SSp-tr","0.337","RS","W3-2.2","(+)2.500","(-)2.500",571.37109375,"X",256,1,1,9
"82","111722","SH P0-P5","LH","SSp-tr","0.337","RS","W3-2.2","(+)2.500","(-)2.500",571.37109375,"X",256,1,1,4
"83","111722","SH P0-P5","LH","SSp-tr","0.337","RS","W3-2.2","(+)2.500","(-)2.500",571.37109375,"X",256,1,1,4
"84","111722","SH P0-P5","LH","SSp-tr","0.337","RS","W3-2.2","(+)2.500","(-)2.500",571.37109375,"X",256,1,1,6
"85","111722","SH P0-P5","LH","SSp-tr","0.337","RS","W3-2.2","(+)2.500","(-)2.500",571.37109375,"X",256,1,1,7
"86","111722","SH P0-P5","LH","SSp-tr","0.337","RS","W3-2.2","(+)2.500","(-)2.500",571.37109375,"X",256,1,1,2
"87","111722","SH P0-P5","LH","SSp-tr","0.337","RS","W3-2.2","(+)2.500","(-)2.500",571.37109375,"X",256,1,1,7
"88","111722","SH P0-P5","LH","SSp-tr","0.337","RS","W3-2.2","(+)2.500","(-)2.500",571.37109375,"X",256,1,1,2
"89","111722","SH P0-P5","LH","SSp-tr","0.337","RS","W3-2.2","(+)2.500","(-)2.500",571.37109375,"X",256,1,1,6
"90","111722","SH P0-P5","LH","SSp-tr","0.337","RS","W3-2.2","(+)2.500","(-)2.500",571.37109375,"X",256,1,1,3
"91","111722","SH P0-P5","LH","SSp-tr","0.337","RS","W3-2.2","(+)2.500","(-)2.500",571.37109375,"X",256,1,1,6
"92","111722","SH P0-P5","LH","SSp-tr","0.337","RS","W3-2.2","(+)2.500","(-)2.500",571.37109375,"X",256,1,1,10
"93","111722","SH P0-P5","LH","SSp-tr","0.337","RS","W3-2.2","(+)2.500","(-)2.500",571.37109375,"X",256,1,1,1
"94","111722","SH P0-P5","LH","SSp-tr","0.337","RS","W3-2.2","(+)2.500","(-)2.500",571.37109375,"X",256,1,1,4
"95","111722","SH P0-P5","LH","SSp-tr","0.337","RS","W3-2.2","(+)2.500","(-)2.500",571.37109375,"X",256,1,1,10
"96","111722","SH P0-P5","LH","SSp-tr","0.337","RS","W3-2.2","(+)2.500","(-)2.500",571.37109375,"X",256,1,1,7
"97","111722","SH P0-P5","LH","SSp-tr","0.337","RS","W3-2.2","(+)2.500","(-)2.500",571.37109375,"X",256,1,1,7
"98","111722","SH P0-P5","LH","SSp-tr","0.337","RS","W3-2.2","(+)2.500","(-)2.500",571.37109375,"X",256,1,1,1
"99","111722","SH P0-P5","LH","SSp-tr","0.337","RS","W3-2.2","(+)2.500","(-)2.500",571.37109375,"X",256,1,1,2
"100","111722","SH P0-P5","LH","SSp-tr","0.337","RS","W3-2.2","(+)2.500","(-)2.500",571.37109375,"X",256,1,1,2
"101","111722","SH P0-P5","LH","SSp-tr","0.337","RS","W3-2.2","(+)2.500","(-)2.500",571.37109375,"X",256,1,1,4
"102","111722","SH P0-P5","LH","SSp-tr","0.337","RS","W3-2.2","(+)2.500","(-)2.500",571.37109375,"X",256,1,1,2
"103","111722","SH P0-P5","LH","SSp-tr","0.337","RS","W3-2.2","(+)2.500","(-)2.500",571.37109375,"X",256,1,1,1
"104","111722","SH P0-P5","LH","SSp-tr","0.337","RS","W3-2.2","(+)2.500","(-)2.500",571.37109375,"X",256,1,1,4
"105","111722","SH P0-P5","LH","SSp-tr","0.337","RS","W3-2.2","(+)2.500","(-)2.500",571.37109375,"X",256,1,1,2
"106","111722","SH P0-P5","LH","SSp-tr","0.337","RS","W3-2.2","(+)2.500","(-)2.500",571.37109375,"X",256,1,1,2
"107","111722","SH P0-P5","LH","SSp-tr","0.337","RS","W3-2.2","(+)2.500","(-)2.500",571.37109375,"X",256,1,1,3
"108","111722","SH P0-P5","LH","SSp-tr","0.337","RS","W3-2.2","(+)2.500","(-)2.500",571.37109375,"X",256,1,1,1
"109","111722","SH P0-P5","LH","SSp-tr","0.337","RS","W3-2.2","(+)2.500","(-)2.500",571.37109375,"X",256,1,1,1
"110","111722","SH P0-P5","LH","SSp-tr","0.337","RS","W3-2.2","(+)2.500","(-)2.500",571.37109375,"X",256,1,1,0
"111","111722","SH P0-P5","LH","SSp-tr","0.337","RS","W3-2.2","(+)2.500","(-)2.500",571.37109375,"X",256,1,1,0
"112","111722","SH P0-P5","LH","SSp-tr","0.337","RS","W3-2.2","(+)2.500","(-)2.500",571.37109375,"X",256,1,1,0
"113","111722","SH P0-P5","LH","SSp-tr","0.337","RS","W3-2.2","(+)2.500","(-)2.500",571.37109375,"X",256,1,1,0
"114","111722","SH P0-P5","LH","SSp-tr","0.337","RS","W3-2.2","(+)2.500","(-)2.500",571.37109375,"X",256,1,1,0
"115","111722","SH P0-P5","LH","SSp-tr","0.337","RS","W3-2.2","(+)2.500","(-)2.500",571.37109375,"X",256,1,1,0
"116","111722","SH P0-P5","LH","SSp-tr","0.337","RS","W3-2.2","(+)2.500","(-)2.500",571.37109375,"X",256,1,1,0
"117","111722","SH P0-P5","LH","SSp-tr","0.337","RS","W3-2.2","(+)2.500","(-)2.500",571.37109375,"X",256,1,1,0
"118","111722","SH P0-P5","LH","SSp-tr","0.337","RS","W3-2.2","(+)2.500","(-)2.500",571.37109375,"X",256,1,1,0
"119","111722","SH P0-P5","LH","SSp-tr","0.337","RS","W3-2.2","(+)2.500","(-)2.500",571.37109375,"X",256,1,1,0
"120","111722","SH P0-P5","LH","SSp-tr","0.337","RS","W3-2.2","(+)2.500","(-)2.500",571.37109375,"X",256,1,1,0
"121","111722","SH P0-P5","LH","SSp-tr","0.337","RS","W3-2.2","(+)2.500","(-)2.500",571.37109375,"X",256,1,1,0
"122","111722","SH P0-P5","LH","SSp-tr","0.337","RS","W3-2.2","(+)2.500","(-)2.500",571.37109375,"X",256,1,1,0
"123","111722","SH P0-P5","LH","SSp-tr","0.337","RS","W3-2.2","(+)2.500","(-)2.500",571.37109375,"X",256,1,1,0
"124","111722","SH P0-P5","LH","SSp-tr","0.337","RS","W3-2.2","(+)2.500","(-)2.500",571.37109375,"X",256,1,1,0
"125","111722","SH P0-P5","LH","SSp-tr","0.337","RS","W3-2.2","(+)2.500","(-)2.500",571.37109375,"X",256,1,1,0
"126","111722","SH P0-P5","LH","SSp-tr","0.337","RS","W3-2.2","(+)2.500","(-)2.500",571.37109375,"X",256,1,1,0
"127","111722","SH P0-P5","LH","SSp-tr","0.337","RS","W3-2.2","(+)2.500","(-)2.500",571.37109375,"X",256,1,1,0
"128","111722","SH P0-P5","LH","SSp-tr","0.337","RS","W3-2.2","(+)2.500","(-)2.500",571.37109375,"X",256,1,1,0
"129","111722","SH P0-P5","LH","SSp-tr","0.337","RS","W3-2.2","(+)2.500","(-)2.500",571.37109375,"X",256,1,1,0
"130","111722","SH P0-P5","LH","SSp-tr","0.337","RS","W3-2.2","(+)2.500","(-)2.500",571.37109375,"X",256,1,1,0
"131","111722","SH P0-P5","LH","SSp-tr","0.337","RS","W3-2.2","(+)2.500","(-)2.500",571.37109375,"X",256,1,1,0
"132","111722","SH P0-P5","LH","SSp-tr","0.337","RS","W3-2.2","(+)2.500","(-)2.500",571.37109375,"X",256,1,1,0
"133","111722","SH P0-P5","LH","SSp-tr","0.337","RS","W3-2.2","(+)2.500","(-)2.500",571.37109375,"X",256,1,1,0
"134","111722","SH P0-P5","LH","SSp-tr","0.337","RS","W3-2.2","(+)2.500","(-)2.500",571.37109375,"X",256,1,1,0
"135","111722","SH P0-P5","LH","SSp-tr","0.337","RS","W3-2.2","(+)2.500","(-)2.500",571.37109375,"X",256,1,1,0
"136","111722","SH P0-P5","LH","SSp-tr","0.337","RS","W3-2.2","(+)2.500","(-)2.500",571.37109375,"X",256,1,1,0
"137","111722","SH P0-P5","LH","SSp-tr","0.337","RS","W3-2.2","(+)2.500","(-)2.500",571.37109375,"X",256,1,1,0
"138","111722","SH P0-P5","LH","SSp-tr","0.337","RS","W3-2.2","(+)2.500","(-)2.500",571.37109375,"X",256,1,1,0
"139","111722","SH P0-P5","LH","SSp-tr","0.337","RS","W3-2.2","(+)2.500","(-)2.500",571.37109375,"X",256,1,1,0
"140","111722","SH P0-P5","LH","SSp-tr","0.337","RS","W3-2.2","(+)2.500","(-)2.500",571.37109375,"X",256,1,1,0
"141","111722","SH P0-P5","LH","SSp-tr","0.337","RS","W3-2.2","(+)2.500","(-)2.500",571.37109375,"X",256,1,1,0
"142","111722","SH P0-P5","LH","SSp-tr","0.337","RS","W3-2.2","(+)2.500","(-)2.500",571.37109375,"X",256,1,1,0
"143","111722","SH P0-P5","LH","SSp-tr","0.337","RS","W3-2.2","(+)2.500","(-)2.500",571.37109375,"X",256,1,1,0
"144","111722","SH P0-P5","LH","SSp-tr","0.337","RS","W3-2.2","(+)2.500","(-)2.500",571.37109375,"X",256,1,1,0
"145","111722","SH P0-P5","LH","SSp-tr","0.337","RS","W3-2.2","(+)2.500","(-)2.500",571.37109375,"X",256,1,1,0
"146","111722","SH P0-P5","LH","SSp-tr","0.337","RS","W3-2.2","(+)2.500","(-)2.500",571.37109375,"X",256,1,1,0
"147","111722","SH P0-P5","LH","SSp-tr","0.337","RS","W3-2.2","(+)2.500","(-)2.500",571.37109375,"X",256,1,1,0
"148","111722","SH P0-P5","LH","SSp-tr","0.337","RS","W3-2.2","(+)2.500","(-)2.500",571.37109375,"X",256,1,1,0
"149","111722","SH P0-P5","LH","SSp-tr","0.337","RS","W3-2.2","(+)2.500","(-)2.500",571.37109375,"X",256,1,1,0
"150","111722","SH P0-P5","LH","SSp-tr","0.337","RS","W3-2.2","(+)2.500","(-)2.500",571.37109375,"X",256,1,1,0
"151","111722","SH P0-P5","LH","SSp-tr","0.337","RS","W3-2.2","(+)2.500","(-)2.500",571.37109375,"X",256,1,1,0
"152","111722","SH P0-P5","LH","SSp-tr","0.337","RS","W3-2.2","(+)2.500","(-)2.500",571.37109375,"X",256,1,1,0
"153","111722","SH P0-P5","LH","SSp-tr","0.337","RS","W3-2.2","(+)2.500","(-)2.500",571.37109375,"X",256,1,1,0
"154","111722","SH P0-P5","LH","SSp-tr","0.337","RS","W3-2.2","(+)2.500","(-)2.500",571.37109375,"X",256,1,1,0
"155","111722","SH P0-P5","LH","SSp-tr","0.337","RS","W3-2.2","(+)2.500","(-)2.500",571.37109375,"X",256,1,1,0
"156","111722","SH P0-P5","LH","SSp-tr","0.337","RS","W3-2.2","(+)2.500","(-)2.500",571.37109375,"X",256,1,1,0
"157","111722","SH P0-P5","LH","SSp-tr","0.337","RS","W3-2.2","(+)2.500","(-)2.500",571.37109375,"X",256,1,1,0
"158","111722","SH P0-P5","LH","SSp-tr","0.337","RS","W3-2.2","(+)2.500","(-)2.500",571.37109375,"X",256,1,1,0
"159","111722","SH P0-P5","LH","SSp-tr","0.337","RS","W3-2.2","(+)2.500","(-)2.500",571.37109375,"X",256,1,1,0
"160","111722","SH P0-P5","LH","SSp-tr","0.337","RS","W3-2.2","(+)2.500","(-)2.500",571.37109375,"X",256,1,1,0
"161","111722","SH P0-P5","LH","SSp-tr","0.337","RS","W3-2.2","(+)2.500","(-)2.500",571.37109375,"X",256,1,1,0
"162","111722","SH P0-P5","LH","SSp-tr","0.337","RS","W3-2.2","(+)2.500","(-)2.500",571.37109375,"X",256,1,1,0
"163","111722","SH P0-P5","LH","SSp-tr","0.337","RS","W3-2.2","(+)2.500","(-)2.500",571.37109375,"X",256,1,1,0
"164","111722","SH P0-P5","LH","SSp-tr","0.337","RS","W3-2.2","(+)2.500","(-)2.500",571.37109375,"X",256,1,1,0
"165","111722","SH P0-P5","LH","SSp-tr","0.337","RS","W3-2.2","(+)2.500","(-)2.500",571.37109375,"X",256,1,1,0
"166","111722","SH P0-P5","LH","SSp-tr","0.337","RS","W3-2.2","(+)2.500","(-)2.500",571.37109375,"X",256,1,1,0
"167","111722","SH P0-P5","LH","SSp-tr","0.337","RS","W3-2.2","(+)2.500","(-)2.500",571.37109375,"X",256,1,1,0
"168","111722","SH P0-P5","LH","SSp-tr","0.337","RS","W3-2.2","(+)2.500","(-)2.500",571.37109375,"X",256,1,1,0
"169","111722","SH P0-P5","LH","SSp-tr","0.337","RS","W3-2.2","(+)2.500","(-)2.500",571.37109375,"X",256,1,1,0
"170","111722","SH P0-P5","LH","SSp-tr","0.337","RS","W3-2.2","(+)2.500","(-)2.500",571.37109375,"X",256,1,1,0
"171","111722","SH P0-P5","LH","SSp-tr","0.337","RS","W3-2.2","(+)2.500","(-)2.500",571.37109375,"X",256,1,1,0
"172","111722","SH P0-P5","LH","SSp-tr","0.337","RS","W3-2.2","(+)2.500","(-)2.500",571.37109375,"X",256,1,1,0
"173","111722","SH P0-P5","LH","SSp-tr","0.337","RS","W3-2.2","(+)2.500","(-)2.500",571.37109375,"X",256,1,1,0
"174","111722","SH P0-P5","LH","SSp-tr","0.337","RS","W3-2.2","(+)2.500","(-)2.500",571.37109375,"X",256,1,1,0
"175","111722","SH P0-P5","LH","SSp-tr","0.337","RS","W3-2.2","(+)2.500","(-)2.500",571.37109375,"X",256,1,1,0
"176","111722","SH P0-P5","LH","SSp-tr","0.337","RS","W3-2.2","(+)2.500","(-)2.500",571.37109375,"X",256,1,1,0
"177","111722","SH P0-P5","LH","SSp-tr","0.337","RS","W3-2.2","(+)2.500","(-)2.500",571.37109375,"X",256,1,1,0
"178","111722","SH P0-P5","LH","SSp-tr","0.337","RS","W3-2.2","(+)2.500","(-)2.500",571.37109375,"X",256,1,1,0
"179","111722","SH P0-P5","LH","SSp-tr","0.337","RS","W3-2.2","(+)2.500","(-)2.500",571.37109375,"X",256,1,1,0
"180","111722","SH P0-P5","LH","SSp-tr","0.337","RS","W3-2.2","(+)2.500","(-)2.500",571.37109375,"X",256,1,1,0
"181","111722","SH P0-P5","LH","SSp-tr","0.337","RS","W3-2.2","(+)2.500","(-)2.500",571.37109375,"X",256,1,1,0
"182","111722","SH P0-P5","LH","SSp-tr","0.337","RS","W3-2.2","(+)2.500","(-)2.500",571.37109375,"X",256,1,1,0
"183","111722","SH P0-P5","LH","SSp-tr","0.337","RS","W3-2.2","(+)2.500","(-)2.500",571.37109375,"X",256,1,1,0
"184","111722","SH P0-P5","LH","SSp-tr","0.337","RS","W3-2.2","(+)2.500","(-)2.500",571.37109375,"X",256,1,1,0
"185","111722","SH P0-P5","LH","SSp-tr","0.337","RS","W3-2.2","(+)2.500","(-)2.500",571.37109375,"X",256,1,1,0
"186","111722","SH P0-P5","LH","SSp-tr","0.337","RS","W3-2.2","(+)2.500","(-)2.500",571.37109375,"X",256,1,1,0
"187","111722","SH P0-P5","LH","SSp-tr","0.337","RS","W3-2.2","(+)2.500","(-)2.500",571.37109375,"X",256,1,1,0
"188","111722","SH P0-P5","LH","SSp-tr","0.337","RS","W3-2.2","(+)2.500","(-)2.500",571.37109375,"X",256,1,1,0
"189","111722","SH P0-P5","LH","SSp-tr","0.337","RS","W3-2.2","(+)2.500","(-)2.500",571.37109375,"X",256,1,1,0
"190","111722","SH P0-P5","LH","SSp-tr","0.337","RS","W3-2.2","(+)2.500","(-)2.500",571.37109375,"X",256,1,1,0
"191","111722","SH P0-P5","LH","SSp-tr","0.337","RS","W3-2.2","(+)2.500","(-)2.500",571.37109375,"X",256,1,1,0
"192","111722","SH P0-P5","LH","SSp-tr","0.337","RS","W3-2.2","(+)2.500","(-)2.500",571.37109375,"X",256,1,1,0
"193","111722","SH P0-P5","LH","SSp-tr","0.337","RS","W3-2.2","(+)2.500","(-)2.500",571.37109375,"X",256,1,1,0
"194","111722","SH P0-P5","LH","SSp-tr","0.337","RS","W3-2.2","(+)2.500","(-)2.500",571.37109375,"X",256,1,1,0
"195","111722","SH P0-P5","LH","SSp-tr","0.337","RS","W3-2.2","(+)2.500","(-)2.500",571.37109375,"X",256,1,1,0
"196","111722","SH P0-P5","LH","SSp-tr","0.337","RS","W3-2.2","(+)2.500","(-)2.500",571.37109375,"X",256,1,1,0
"197","111722","SH P0-P5","LH","SSp-tr","0.337","RS","W3-2.2","(+)2.500","(-)2.500",571.37109375,"X",256,1,1,0
"198","111722","SH P0-P5","LH","SSp-tr","0.337","RS","W3-2.2","(+)2.500","(-)2.500",571.37109375,"X",256,1,1,0
"199","111722","SH P0-P5","LH","SSp-tr","0.337","RS","W3-2.2","(+)2.500","(-)2.500",571.37109375,"X",256,1,1,0
"200","111722","SH P0-P5","LH","SSp-tr","0.337","RS","W3-2.2","(+)2.500","(-)2.500",571.37109375,"X",256,1,1,0
"201","111722","SH P0-P5","LH","SSp-tr","0.337","RS","W3-2.2","(+)2.500","(-)2.500",571.37109375,"X",256,1,1,0
"202","111722","SH P0-P5","LH","SSp-tr","0.337","RS","W3-2.2","(+)2.500","(-)2.500",571.37109375,"X",256,1,1,0
"203","111722","SH P0-P5","LH","SSp-tr","0.337","RS","W3-2.2","(+)2.500","(-)2.500",571.37109375,"X",256,1,1,0
"204","111722","SH P0-P5","LH","SSp-tr","0.337","RS","W3-2.2","(+)2.500","(-)2.500",571.37109375,"X",256,1,1,0
"205","111722","SH P0-P5","LH","SSp-tr","0.337","RS","W3-2.2","(+)2.500","(-)2.500",571.37109375,"X",256,1,1,0
"206","111722","SH P0-P5","LH","SSp-tr","0.337","RS","W3-2.2","(+)2.500","(-)2.500",571.37109375,"X",256,1,1,0
"207","111722","SH P0-P5","LH","SSp-tr","0.337","RS","W3-2.2","(+)2.500","(-)2.500",571.37109375,"X",256,1,1,0
"208","111722","SH P0-P5","LH","SSp-tr","0.337","RS","W3-2.2","(+)2.500","(-)2.500",571.37109375,"X",256,1,1,0
"209","111722","SH P0-P5","LH","SSp-tr","0.337","RS","W3-2.2","(+)2.500","(-)2.500",571.37109375,"X",256,1,1,0
"210","111722","SH P0-P5","LH","SSp-tr","0.337","RS","W3-2.2","(+)2.500","(-)2.500",571.37109375,"X",256,1,1,0
"211","111722","SH P0-P5","LH","SSp-tr","0.337","RS","W3-2.2","(+)2.500","(-)2.500",571.37109375,"X",256,1,1,0
"212","111722","SH P0-P5","LH","SSp-tr","0.337","RS","W3-2.2","(+)2.500","(-)2.500",571.37109375,"X",256,1,1,0
"213","111722","SH P0-P5","LH","SSp-tr","0.337","RS","W3-2.2","(+)2.500","(-)2.500",571.37109375,"X",256,1,1,0
"214","111722","SH P0-P5","LH","SSp-tr","0.337","RS","W3-2.2","(+)2.500","(-)2.500",571.37109375,"X",256,1,1,0
"215","111722","SH P0-P5","LH","SSp-tr","0.337","RS","W3-2.2","(+)2.500","(-)2.500",571.37109375,"X",256,1,1,0
"216","111722","SH P0-P5","LH","SSp-tr","0.337","RS","W3-2.2","(+)2.500","(-)2.500",571.37109375,"X",256,1,1,0
"217","111722","SH P0-P5","LH","SSp-tr","0.337","RS","W3-2.2","(+)2.500","(-)2.500",571.37109375,"X",256,1,1,0
"218","111722","SH P0-P5","LH","SSp-tr","0.337","RS","W3-2.2","(+)2.500","(-)2.500",571.37109375,"X",256,1,1,0
"219","111722","SH P0-P5","LH","SSp-tr","0.337","RS","W3-2.2","(+)2.500","(-)2.500",571.37109375,"X",256,1,1,0
"220","111722","SH P0-P5","LH","SSp-tr","0.337","RS","W3-2.2","(+)2.500","(-)2.500",571.37109375,"X",256,1,1,0
"221","111722","SH P0-P5","LH","SSp-tr","0.337","RS","W3-2.2","(+)2.500","(-)2.500",571.37109375,"X",256,1,1,0
"222","111722","SH P0-P5","LH","SSp-tr","0.337","RS","W3-2.2","(+)2.500","(-)2.500",571.37109375,"X",256,1,1,0
"223","111722","SH P0-P5","LH","SSp-tr","0.337","RS","W3-2.2","(+)2.500","(-)2.500",571.37109375,"X",256,1,1,0
"224","111722","SH P0-P5","LH","SSp-tr","0.337","RS","W3-2.2","(+)2.500","(-)2.500",571.37109375,"X",256,1,1,0
"225","111722","SH P0-P5","LH","SSp-tr","0.337","RS","W3-2.2","(+)2.500","(-)2.500",571.37109375,"X",256,1,1,0
"226","111722","SH P0-P5","LH","SSp-tr","0.337","RS","W3-2.2","(+)2.500","(-)2.500",571.37109375,"X",256,1,1,0
"227","111722","SH P0-P5","LH","SSp-tr","0.337","RS","W3-2.2","(+)2.500","(-)2.500",571.37109375,"X",256,1,1,0
"228","111722","SH P0-P5","LH","SSp-tr","0.337","RS","W3-2.2","(+)2.500","(-)2.500",571.37109375,"X",256,1,1,0
"229","111722","SH P0-P5","LH","SSp-tr","0.337","RS","W3-2.2","(+)2.500","(-)2.500",571.37109375,"X",256,1,1,0
"230","111722","SH P0-P5","LH","SSp-tr","0.337","RS","W3-2.2","(+)2.500","(-)2.500",571.37109375,"X",256,1,1,0
"231","111722","SH P0-P5","LH","SSp-tr","0.337","RS","W3-2.2","(+)2.500","(-)2.500",571.37109375,"X",256,1,1,0
"232","111722","SH P0-P5","LH","SSp-tr","0.337","RS","W3-2.2","(+)2.500","(-)2.500",571.37109375,"X",256,1,1,0
"233","111722","SH P0-P5","LH","SSp-tr","0.337","RS","W3-2.2","(+)2.500","(-)2.500",571.37109375,"X",256,1,1,0
"234","111722","SH P0-P5","LH","SSp-tr","0.337","RS","W3-2.2","(+)2.500","(-)2.500",571.37109375,"X",256,1,1,0
"235","111722","SH P0-P5","LH","SSp-tr","0.337","RS","W3-2.2","(+)2.500","(-)2.500",571.37109375,"X",256,1,1,0
"236","111722","SH P0-P5","LH","SSp-tr","0.337","RS","W3-2.2","(+)2.500","(-)2.500",571.37109375,"X",256,1,1,0
"237","111722","SH P0-P5","LH","SSp-tr","0.337","RS","W3-2.2","(+)2.500","(-)2.500",571.37109375,"X",256,1,1,0
"238","111722","SH P0-P5","LH","SSp-tr","0.337","RS","W3-2.2","(+)2.500","(-)2.500",571.37109375,"X",256,1,1,0
"239","111722","SH P0-P5","LH","SSp-tr","0.337","RS","W3-2.2","(+)2.500","(-)2.500",571.37109375,"X",256,1,1,0
"240","111722","SH P0-P5","LH","SSp-tr","0.337","RS","W3-2.2","(+)2.500","(-)2.500",571.37109375,"X",256,1,1,0
"241","111722","SH P0-P5","LH","SSp-tr","0.337","RS","W3-2.2","(+)2.500","(-)2.500",571.37109375,"X",256,1,1,0
"242","111722","SH P0-P5","LH","SSp-tr","0.337","RS","W3-2.2","(+)2.500","(-)2.500",571.37109375,"X",256,1,1,0
"243","111722","SH P0-P5","LH","SSp-tr","0.337","RS","W3-2.2","(+)2.500","(-)2.500",571.37109375,"X",256,1,1,0
"244","111722","SH P0-P5","LH","SSp-tr","0.337","RS","W3-2.2","(+)2.500","(-)2.500",571.37109375,"X",256,1,1,0
"245","111722","SH P0-P5","LH","SSp-tr","0.337","RS","W3-2.2","(+)2.500","(-)2.500",571.37109375,"X",256,1,1,0
"246","111722","SH P0-P5","LH","SSp-tr","0.337","RS","W3-2.2","(+)2.500","(-)2.500",571.37109375,"X",256,1,1,0
"247","111722","SH P0-P5","LH","SSp-tr","0.337","RS","W3-2.2","(+)2.500","(-)2.500",571.37109375,"X",256,1,1,0
"248","111722","SH P0-P5","LH","SSp-tr","0.337","RS","W3-2.2","(+)2.500","(-)2.500",571.37109375,"X",256,1,1,0
"249","111722","SH P0-P5","LH","SSp-tr","0.337","RS","W3-2.2","(+)2.500","(-)2.500",571.37109375,"X",256,1,1,0
"250","111722","SH P0-P5","LH","SSp-tr","0.337","RS","W3-2.2","(+)2.500","(-)2.500",571.37109375,"X",256,1,1,0
"251","111722","SH P0-P5","LH","SSp-tr","0.337","RS","W3-2.2","(+)2.500","(-)2.500",571.37109375,"X",256,1,1,0
"252","111722","SH P0-P5","LH","SSp-tr","0.337","RS","W3-2.2","(+)2.500","(-)2.500",571.37109375,"X",256,1,1,0
"253","111722","SH P0-P5","LH","SSp-tr","0.337","RS","W3-2.2","(+)2.500","(-)2.500",571.37109375,"X",256,1,1,0
"254","111722","SH P0-P5","LH","SSp-tr","0.337","RS","W3-2.2","(+)2.500","(-)2.500",571.37109375,"X",256,1,1,0
"255","111722","SH P0-P5","LH","SSp-tr","0.337","RS","W3-2.2","(+)2.500","(-)2.500",571.37109375,"X",256,1,1,0
"256","111722","SH P0-P5","LH","SSp-tr","0.337","RS","W3-2.2","(+)2.500","(-)2.500",571.37109375,"X",256,1,1,0
