"","cohort","condition","hemisphere","subregion","area","author","coordinates","rotation_x","rotation_y","mean_1","model_name","n","d","num_of_clusters","intensity"
"1","111722","SH P0-P5","LH","SSp-m","0.157","RS","W1-1.1","(+)2.500","(-)2.500",276.178137651822,"X",247,1,1,0
"2","111722","SH P0-P5","LH","SSp-m","0.157","RS","W1-1.1","(+)2.500","(-)2.500",276.178137651822,"X",247,1,1,5
"3","111722","SH P0-P5","LH","SSp-m","0.157","RS","W1-1.1","(+)2.500","(-)2.500",276.178137651822,"X",247,1,1,16
"4","111722","SH P0-P5","LH","SSp-m","0.157","RS","W1-1.1","(+)2.500","(-)2.500",276.178137651822,"X",247,1,1,44
"5","111722","SH P0-P5","LH","SSp-m","0.157","RS","W1-1.1","(+)2.500","(-)2.500",276.178137651822,"X",247,1,1,81
"6","111722","SH P0-P5","LH","SSp-m","0.157","RS","W1-1.1","(+)2.500","(-)2.500",276.178137651822,"X",247,1,1,133
"7","111722","SH P0-P5","LH","SSp-m","0.157","RS","W1-1.1","(+)2.500","(-)2.500",276.178137651822,"X",247,1,1,188
"8","111722","SH P0-P5","LH","SSp-m","0.157","RS","W1-1.1","(+)2.500","(-)2.500",276.178137651822,"X",247,1,1,243
"9","111722","SH P0-P5","LH","SSp-m","0.157","RS","W1-1.1","(+)2.500","(-)2.500",276.178137651822,"X",247,1,1,272
"10","111722","SH P0-P5","LH","SSp-m","0.157","RS","W1-1.1","(+)2.500","(-)2.500",276.178137651822,"X",247,1,1,281
"11","111722","SH P0-P5","LH","SSp-m","0.157","RS","W1-1.1","(+)2.500","(-)2.500",276.178137651822,"X",247,1,1,316
"12","111722","SH P0-P5","LH","SSp-m","0.157","RS","W1-1.1","(+)2.500","(-)2.500",276.178137651822,"X",247,1,1,586
"13","111722","SH P0-P5","LH","SSp-m","0.157","RS","W1-1.1","(+)2.500","(-)2.500",276.178137651822,"X",247,1,1,1265
"14","111722","SH P0-P5","LH","SSp-m","0.157","RS","W1-1.1","(+)2.500","(-)2.500",276.178137651822,"X",247,1,1,1791
"15","111722","SH P0-P5","LH","SSp-m","0.157","RS","W1-1.1","(+)2.500","(-)2.500",276.178137651822,"X",247,1,1,2515
"16","111722","SH P0-P5","LH","SSp-m","0.157","RS","W1-1.1","(+)2.500","(-)2.500",276.178137651822,"X",247,1,1,2722
"17","111722","SH P0-P5","LH","SSp-m","0.157","RS","W1-1.1","(+)2.500","(-)2.500",276.178137651822,"X",247,1,1,3739
"18","111722","SH P0-P5","LH","SSp-m","0.157","RS","W1-1.1","(+)2.500","(-)2.500",276.178137651822,"X",247,1,1,4864
"19","111722","SH P0-P5","LH","SSp-m","0.157","RS","W1-1.1","(+)2.500","(-)2.500",276.178137651822,"X",247,1,1,5778
"20","111722","SH P0-P5","LH","SSp-m","0.157","RS","W1-1.1","(+)2.500","(-)2.500",276.178137651822,"X",247,1,1,5873
"21","111722","SH P0-P5","LH","SSp-m","0.157","RS","W1-1.1","(+)2.500","(-)2.500",276.178137651822,"X",247,1,1,5188
"22","111722","SH P0-P5","LH","SSp-m","0.157","RS","W1-1.1","(+)2.500","(-)2.500",276.178137651822,"X",247,1,1,4830
"23","111722","SH P0-P5","LH","SSp-m","0.157","RS","W1-1.1","(+)2.500","(-)2.500",276.178137651822,"X",247,1,1,4223
"24","111722","SH P0-P5","LH","SSp-m","0.157","RS","W1-1.1","(+)2.500","(-)2.500",276.178137651822,"X",247,1,1,3436
"25","111722","SH P0-P5","LH","SSp-m","0.157","RS","W1-1.1","(+)2.500","(-)2.500",276.178137651822,"X",247,1,1,2816
"26","111722","SH P0-P5","LH","SSp-m","0.157","RS","W1-1.1","(+)2.500","(-)2.500",276.178137651822,"X",247,1,1,2278
"27","111722","SH P0-P5","LH","SSp-m","0.157","RS","W1-1.1","(+)2.500","(-)2.500",276.178137651822,"X",247,1,1,2078
"28","111722","SH P0-P5","LH","SSp-m","0.157","RS","W1-1.1","(+)2.500","(-)2.500",276.178137651822,"X",247,1,1,1758
"29","111722","SH P0-P5","LH","SSp-m","0.157","RS","W1-1.1","(+)2.500","(-)2.500",276.178137651822,"X",247,1,1,1290
"30","111722","SH P0-P5","LH","SSp-m","0.157","RS","W1-1.1","(+)2.500","(-)2.500",276.178137651822,"X",247,1,1,920
"31","111722","SH P0-P5","LH","SSp-m","0.157","RS","W1-1.1","(+)2.500","(-)2.500",276.178137651822,"X",247,1,1,686
"32","111722","SH P0-P5","LH","SSp-m","0.157","RS","W1-1.1","(+)2.500","(-)2.500",276.178137651822,"X",247,1,1,536
"33","111722","SH P0-P5","LH","SSp-m","0.157","RS","W1-1.1","(+)2.500","(-)2.500",276.178137651822,"X",247,1,1,490
"34","111722","SH P0-P5","LH","SSp-m","0.157","RS","W1-1.1","(+)2.500","(-)2.500",276.178137651822,"X",247,1,1,540
"35","111722","SH P0-P5","LH","SSp-m","0.157","RS","W1-1.1","(+)2.500","(-)2.500",276.178137651822,"X",247,1,1,467
"36","111722","SH P0-P5","LH","SSp-m","0.157","RS","W1-1.1","(+)2.500","(-)2.500",276.178137651822,"X",247,1,1,424
"37","111722","SH P0-P5","LH","SSp-m","0.157","RS","W1-1.1","(+)2.500","(-)2.500",276.178137651822,"X",247,1,1,403
"38","111722","SH P0-P5","LH","SSp-m","0.157","RS","W1-1.1","(+)2.500","(-)2.500",276.178137651822,"X",247,1,1,394
"39","111722","SH P0-P5","LH","SSp-m","0.157","RS","W1-1.1","(+)2.500","(-)2.500",276.178137651822,"X",247,1,1,399
"40","111722","SH P0-P5","LH","SSp-m","0.157","RS","W1-1.1","(+)2.500","(-)2.500",276.178137651822,"X",247,1,1,407
"41","111722","SH P0-P5","LH","SSp-m","0.157","RS","W1-1.1","(+)2.500","(-)2.500",276.178137651822,"X",247,1,1,375
"42","111722","SH P0-P5","LH","SSp-m","0.157","RS","W1-1.1","(+)2.500","(-)2.500",276.178137651822,"X",247,1,1,303
"43","111722","SH P0-P5","LH","SSp-m","0.157","RS","W1-1.1","(+)2.500","(-)2.500",276.178137651822,"X",247,1,1,267
"44","111722","SH P0-P5","LH","SSp-m","0.157","RS","W1-1.1","(+)2.500","(-)2.500",276.178137651822,"X",247,1,1,261
"45","111722","SH P0-P5","LH","SSp-m","0.157","RS","W1-1.1","(+)2.500","(-)2.500",276.178137651822,"X",247,1,1,220
"46","111722","SH P0-P5","LH","SSp-m","0.157","RS","W1-1.1","(+)2.500","(-)2.500",276.178137651822,"X",247,1,1,206
"47","111722","SH P0-P5","LH","SSp-m","0.157","RS","W1-1.1","(+)2.500","(-)2.500",276.178137651822,"X",247,1,1,192
"48","111722","SH P0-P5","LH","SSp-m","0.157","RS","W1-1.1","(+)2.500","(-)2.500",276.178137651822,"X",247,1,1,150
"49","111722","SH P0-P5","LH","SSp-m","0.157","RS","W1-1.1","(+)2.500","(-)2.500",276.178137651822,"X",247,1,1,176
"50","111722","SH P0-P5","LH","SSp-m","0.157","RS","W1-1.1","(+)2.500","(-)2.500",276.178137651822,"X",247,1,1,150
"51","111722","SH P0-P5","LH","SSp-m","0.157","RS","W1-1.1","(+)2.500","(-)2.500",276.178137651822,"X",247,1,1,126
"52","111722","SH P0-P5","LH","SSp-m","0.157","RS","W1-1.1","(+)2.500","(-)2.500",276.178137651822,"X",247,1,1,118
"53","111722","SH P0-P5","LH","SSp-m","0.157","RS","W1-1.1","(+)2.500","(-)2.500",276.178137651822,"X",247,1,1,103
"54","111722","SH P0-P5","LH","SSp-m","0.157","RS","W1-1.1","(+)2.500","(-)2.500",276.178137651822,"X",247,1,1,81
"55","111722","SH P0-P5","LH","SSp-m","0.157","RS","W1-1.1","(+)2.500","(-)2.500",276.178137651822,"X",247,1,1,82
"56","111722","SH P0-P5","LH","SSp-m","0.157","RS","W1-1.1","(+)2.500","(-)2.500",276.178137651822,"X",247,1,1,56
"57","111722","SH P0-P5","LH","SSp-m","0.157","RS","W1-1.1","(+)2.500","(-)2.500",276.178137651822,"X",247,1,1,61
"58","111722","SH P0-P5","LH","SSp-m","0.157","RS","W1-1.1","(+)2.500","(-)2.500",276.178137651822,"X",247,1,1,64
"59","111722","SH P0-P5","LH","SSp-m","0.157","RS","W1-1.1","(+)2.500","(-)2.500",276.178137651822,"X",247,1,1,50
"60","111722","SH P0-P5","LH","SSp-m","0.157","RS","W1-1.1","(+)2.500","(-)2.500",276.178137651822,"X",247,1,1,47
"61","111722","SH P0-P5","LH","SSp-m","0.157","RS","W1-1.1","(+)2.500","(-)2.500",276.178137651822,"X",247,1,1,40
"62","111722","SH P0-P5","LH","SSp-m","0.157","RS","W1-1.1","(+)2.500","(-)2.500",276.178137651822,"X",247,1,1,40
"63","111722","SH P0-P5","LH","SSp-m","0.157","RS","W1-1.1","(+)2.500","(-)2.500",276.178137651822,"X",247,1,1,45
"64","111722","SH P0-P5","LH","SSp-m","0.157","RS","W1-1.1","(+)2.500","(-)2.500",276.178137651822,"X",247,1,1,34
"65","111722","SH P0-P5","LH","SSp-m","0.157","RS","W1-1.1","(+)2.500","(-)2.500",276.178137651822,"X",247,1,1,28
"66","111722","SH P0-P5","LH","SSp-m","0.157","RS","W1-1.1","(+)2.500","(-)2.500",276.178137651822,"X",247,1,1,43
"67","111722","SH P0-P5","LH","SSp-m","0.157","RS","W1-1.1","(+)2.500","(-)2.500",276.178137651822,"X",247,1,1,31
"68","111722","SH P0-P5","LH","SSp-m","0.157","RS","W1-1.1","(+)2.500","(-)2.500",276.178137651822,"X",247,1,1,32
"69","111722","SH P0-P5","LH","SSp-m","0.157","RS","W1-1.1","(+)2.500","(-)2.500",276.178137651822,"X",247,1,1,28
"70","111722","SH P0-P5","LH","SSp-m","0.157","RS","W1-1.1","(+)2.500","(-)2.500",276.178137651822,"X",247,1,1,25
"71","111722","SH P0-P5","LH","SSp-m","0.157","RS","W1-1.1","(+)2.500","(-)2.500",276.178137651822,"X",247,1,1,24
"72","111722","SH P0-P5","LH","SSp-m","0.157","RS","W1-1.1","(+)2.500","(-)2.500",276.178137651822,"X",247,1,1,30
"73","111722","SH P0-P5","LH","SSp-m","0.157","RS","W1-1.1","(+)2.500","(-)2.500",276.178137651822,"X",247,1,1,34
"74","111722","SH P0-P5","LH","SSp-m","0.157","RS","W1-1.1","(+)2.500","(-)2.500",276.178137651822,"X",247,1,1,17
"75","111722","SH P0-P5","LH","SSp-m","0.157","RS","W1-1.1","(+)2.500","(-)2.500",276.178137651822,"X",247,1,1,19
"76","111722","SH P0-P5","LH","SSp-m","0.157","RS","W1-1.1","(+)2.500","(-)2.500",276.178137651822,"X",247,1,1,15
"77","111722","SH P0-P5","LH","SSp-m","0.157","RS","W1-1.1","(+)2.500","(-)2.500",276.178137651822,"X",247,1,1,18
"78","111722","SH P0-P5","LH","SSp-m","0.157","RS","W1-1.1","(+)2.500","(-)2.500",276.178137651822,"X",247,1,1,16
"79","111722","SH P0-P5","LH","SSp-m","0.157","RS","W1-1.1","(+)2.500","(-)2.500",276.178137651822,"X",247,1,1,16
"80","111722","SH P0-P5","LH","SSp-m","0.157","RS","W1-1.1","(+)2.500","(-)2.500",276.178137651822,"X",247,1,1,14
"81","111722","SH P0-P5","LH","SSp-m","0.157","RS","W1-1.1","(+)2.500","(-)2.500",276.178137651822,"X",247,1,1,19
"82","111722","SH P0-P5","LH","SSp-m","0.157","RS","W1-1.1","(+)2.500","(-)2.500",276.178137651822,"X",247,1,1,12
"83","111722","SH P0-P5","LH","SSp-m","0.157","RS","W1-1.1","(+)2.500","(-)2.500",276.178137651822,"X",247,1,1,13
"84","111722","SH P0-P5","LH","SSp-m","0.157","RS","W1-1.1","(+)2.500","(-)2.500",276.178137651822,"X",247,1,1,11
"85","111722","SH P0-P5","LH","SSp-m","0.157","RS","W1-1.1","(+)2.500","(-)2.500",276.178137651822,"X",247,1,1,14
"86","111722","SH P0-P5","LH","SSp-m","0.157","RS","W1-1.1","(+)2.500","(-)2.500",276.178137651822,"X",247,1,1,19
"87","111722","SH P0-P5","LH","SSp-m","0.157","RS","W1-1.1","(+)2.500","(-)2.500",276.178137651822,"X",247,1,1,9
"88","111722","SH P0-P5","LH","SSp-m","0.157","RS","W1-1.1","(+)2.500","(-)2.500",276.178137651822,"X",247,1,1,18
"89","111722","SH P0-P5","LH","SSp-m","0.157","RS","W1-1.1","(+)2.500","(-)2.500",276.178137651822,"X",247,1,1,10
"90","111722","SH P0-P5","LH","SSp-m","0.157","RS","W1-1.1","(+)2.500","(-)2.500",276.178137651822,"X",247,1,1,13
"91","111722","SH P0-P5","LH","SSp-m","0.157","RS","W1-1.1","(+)2.500","(-)2.500",276.178137651822,"X",247,1,1,6
"92","111722","SH P0-P5","LH","SSp-m","0.157","RS","W1-1.1","(+)2.500","(-)2.500",276.178137651822,"X",247,1,1,8
"93","111722","SH P0-P5","LH","SSp-m","0.157","RS","W1-1.1","(+)2.500","(-)2.500",276.178137651822,"X",247,1,1,7
"94","111722","SH P0-P5","LH","SSp-m","0.157","RS","W1-1.1","(+)2.500","(-)2.500",276.178137651822,"X",247,1,1,5
"95","111722","SH P0-P5","LH","SSp-m","0.157","RS","W1-1.1","(+)2.500","(-)2.500",276.178137651822,"X",247,1,1,5
"96","111722","SH P0-P5","LH","SSp-m","0.157","RS","W1-1.1","(+)2.500","(-)2.500",276.178137651822,"X",247,1,1,2
"97","111722","SH P0-P5","LH","SSp-m","0.157","RS","W1-1.1","(+)2.500","(-)2.500",276.178137651822,"X",247,1,1,10
"98","111722","SH P0-P5","LH","SSp-m","0.157","RS","W1-1.1","(+)2.500","(-)2.500",276.178137651822,"X",247,1,1,6
"99","111722","SH P0-P5","LH","SSp-m","0.157","RS","W1-1.1","(+)2.500","(-)2.500",276.178137651822,"X",247,1,1,6
"100","111722","SH P0-P5","LH","SSp-m","0.157","RS","W1-1.1","(+)2.500","(-)2.500",276.178137651822,"X",247,1,1,4
"101","111722","SH P0-P5","LH","SSp-m","0.157","RS","W1-1.1","(+)2.500","(-)2.500",276.178137651822,"X",247,1,1,6
"102","111722","SH P0-P5","LH","SSp-m","0.157","RS","W1-1.1","(+)2.500","(-)2.500",276.178137651822,"X",247,1,1,5
"103","111722","SH P0-P5","LH","SSp-m","0.157","RS","W1-1.1","(+)2.500","(-)2.500",276.178137651822,"X",247,1,1,3
"104","111722","SH P0-P5","LH","SSp-m","0.157","RS","W1-1.1","(+)2.500","(-)2.500",276.178137651822,"X",247,1,1,5
"105","111722","SH P0-P5","LH","SSp-m","0.157","RS","W1-1.1","(+)2.500","(-)2.500",276.178137651822,"X",247,1,1,5
"106","111722","SH P0-P5","LH","SSp-m","0.157","RS","W1-1.1","(+)2.500","(-)2.500",276.178137651822,"X",247,1,1,3
"107","111722","SH P0-P5","LH","SSp-m","0.157","RS","W1-1.1","(+)2.500","(-)2.500",276.178137651822,"X",247,1,1,1
"108","111722","SH P0-P5","LH","SSp-m","0.157","RS","W1-1.1","(+)2.500","(-)2.500",276.178137651822,"X",247,1,1,5
"109","111722","SH P0-P5","LH","SSp-m","0.157","RS","W1-1.1","(+)2.500","(-)2.500",276.178137651822,"X",247,1,1,8
"110","111722","SH P0-P5","LH","SSp-m","0.157","RS","W1-1.1","(+)2.500","(-)2.500",276.178137651822,"X",247,1,1,6
"111","111722","SH P0-P5","LH","SSp-m","0.157","RS","W1-1.1","(+)2.500","(-)2.500",276.178137651822,"X",247,1,1,5
"112","111722","SH P0-P5","LH","SSp-m","0.157","RS","W1-1.1","(+)2.500","(-)2.500",276.178137651822,"X",247,1,1,4
"113","111722","SH P0-P5","LH","SSp-m","0.157","RS","W1-1.1","(+)2.500","(-)2.500",276.178137651822,"X",247,1,1,4
"114","111722","SH P0-P5","LH","SSp-m","0.157","RS","W1-1.1","(+)2.500","(-)2.500",276.178137651822,"X",247,1,1,1
"115","111722","SH P0-P5","LH","SSp-m","0.157","RS","W1-1.1","(+)2.500","(-)2.500",276.178137651822,"X",247,1,1,4
"116","111722","SH P0-P5","LH","SSp-m","0.157","RS","W1-1.1","(+)2.500","(-)2.500",276.178137651822,"X",247,1,1,2
"117","111722","SH P0-P5","LH","SSp-m","0.157","RS","W1-1.1","(+)2.500","(-)2.500",276.178137651822,"X",247,1,1,4
"118","111722","SH P0-P5","LH","SSp-m","0.157","RS","W1-1.1","(+)2.500","(-)2.500",276.178137651822,"X",247,1,1,4
"119","111722","SH P0-P5","LH","SSp-m","0.157","RS","W1-1.1","(+)2.500","(-)2.500",276.178137651822,"X",247,1,1,2
"120","111722","SH P0-P5","LH","SSp-m","0.157","RS","W1-1.1","(+)2.500","(-)2.500",276.178137651822,"X",247,1,1,4
"121","111722","SH P0-P5","LH","SSp-m","0.157","RS","W1-1.1","(+)2.500","(-)2.500",276.178137651822,"X",247,1,1,0
"122","111722","SH P0-P5","LH","SSp-m","0.157","RS","W1-1.1","(+)2.500","(-)2.500",276.178137651822,"X",247,1,1,0
"123","111722","SH P0-P5","LH","SSp-m","0.157","RS","W1-1.1","(+)2.500","(-)2.500",276.178137651822,"X",247,1,1,4
"124","111722","SH P0-P5","LH","SSp-m","0.157","RS","W1-1.1","(+)2.500","(-)2.500",276.178137651822,"X",247,1,1,1
"125","111722","SH P0-P5","LH","SSp-m","0.157","RS","W1-1.1","(+)2.500","(-)2.500",276.178137651822,"X",247,1,1,4
"126","111722","SH P0-P5","LH","SSp-m","0.157","RS","W1-1.1","(+)2.500","(-)2.500",276.178137651822,"X",247,1,1,3
"127","111722","SH P0-P5","LH","SSp-m","0.157","RS","W1-1.1","(+)2.500","(-)2.500",276.178137651822,"X",247,1,1,1
"128","111722","SH P0-P5","LH","SSp-m","0.157","RS","W1-1.1","(+)2.500","(-)2.500",276.178137651822,"X",247,1,1,2
"129","111722","SH P0-P5","LH","SSp-m","0.157","RS","W1-1.1","(+)2.500","(-)2.500",276.178137651822,"X",247,1,1,3
"130","111722","SH P0-P5","LH","SSp-m","0.157","RS","W1-1.1","(+)2.500","(-)2.500",276.178137651822,"X",247,1,1,0
"131","111722","SH P0-P5","LH","SSp-m","0.157","RS","W1-1.1","(+)2.500","(-)2.500",276.178137651822,"X",247,1,1,0
"132","111722","SH P0-P5","LH","SSp-m","0.157","RS","W1-1.1","(+)2.500","(-)2.500",276.178137651822,"X",247,1,1,0
"133","111722","SH P0-P5","LH","SSp-m","0.157","RS","W1-1.1","(+)2.500","(-)2.500",276.178137651822,"X",247,1,1,2
"134","111722","SH P0-P5","LH","SSp-m","0.157","RS","W1-1.1","(+)2.500","(-)2.500",276.178137651822,"X",247,1,1,0
"135","111722","SH P0-P5","LH","SSp-m","0.157","RS","W1-1.1","(+)2.500","(-)2.500",276.178137651822,"X",247,1,1,0
"136","111722","SH P0-P5","LH","SSp-m","0.157","RS","W1-1.1","(+)2.500","(-)2.500",276.178137651822,"X",247,1,1,2
"137","111722","SH P0-P5","LH","SSp-m","0.157","RS","W1-1.1","(+)2.500","(-)2.500",276.178137651822,"X",247,1,1,0
"138","111722","SH P0-P5","LH","SSp-m","0.157","RS","W1-1.1","(+)2.500","(-)2.500",276.178137651822,"X",247,1,1,0
"139","111722","SH P0-P5","LH","SSp-m","0.157","RS","W1-1.1","(+)2.500","(-)2.500",276.178137651822,"X",247,1,1,0
"140","111722","SH P0-P5","LH","SSp-m","0.157","RS","W1-1.1","(+)2.500","(-)2.500",276.178137651822,"X",247,1,1,2
"141","111722","SH P0-P5","LH","SSp-m","0.157","RS","W1-1.1","(+)2.500","(-)2.500",276.178137651822,"X",247,1,1,0
"142","111722","SH P0-P5","LH","SSp-m","0.157","RS","W1-1.1","(+)2.500","(-)2.500",276.178137651822,"X",247,1,1,0
"143","111722","SH P0-P5","LH","SSp-m","0.157","RS","W1-1.1","(+)2.500","(-)2.500",276.178137651822,"X",247,1,1,0
"144","111722","SH P0-P5","LH","SSp-m","0.157","RS","W1-1.1","(+)2.500","(-)2.500",276.178137651822,"X",247,1,1,2
"145","111722","SH P0-P5","LH","SSp-m","0.157","RS","W1-1.1","(+)2.500","(-)2.500",276.178137651822,"X",247,1,1,0
"146","111722","SH P0-P5","LH","SSp-m","0.157","RS","W1-1.1","(+)2.500","(-)2.500",276.178137651822,"X",247,1,1,0
"147","111722","SH P0-P5","LH","SSp-m","0.157","RS","W1-1.1","(+)2.500","(-)2.500",276.178137651822,"X",247,1,1,0
"148","111722","SH P0-P5","LH","SSp-m","0.157","RS","W1-1.1","(+)2.500","(-)2.500",276.178137651822,"X",247,1,1,0
"149","111722","SH P0-P5","LH","SSp-m","0.157","RS","W1-1.1","(+)2.500","(-)2.500",276.178137651822,"X",247,1,1,0
"150","111722","SH P0-P5","LH","SSp-m","0.157","RS","W1-1.1","(+)2.500","(-)2.500",276.178137651822,"X",247,1,1,0
"151","111722","SH P0-P5","LH","SSp-m","0.157","RS","W1-1.1","(+)2.500","(-)2.500",276.178137651822,"X",247,1,1,0
"152","111722","SH P0-P5","LH","SSp-m","0.157","RS","W1-1.1","(+)2.500","(-)2.500",276.178137651822,"X",247,1,1,0
"153","111722","SH P0-P5","LH","SSp-m","0.157","RS","W1-1.1","(+)2.500","(-)2.500",276.178137651822,"X",247,1,1,0
"154","111722","SH P0-P5","LH","SSp-m","0.157","RS","W1-1.1","(+)2.500","(-)2.500",276.178137651822,"X",247,1,1,0
"155","111722","SH P0-P5","LH","SSp-m","0.157","RS","W1-1.1","(+)2.500","(-)2.500",276.178137651822,"X",247,1,1,0
"156","111722","SH P0-P5","LH","SSp-m","0.157","RS","W1-1.1","(+)2.500","(-)2.500",276.178137651822,"X",247,1,1,0
"157","111722","SH P0-P5","LH","SSp-m","0.157","RS","W1-1.1","(+)2.500","(-)2.500",276.178137651822,"X",247,1,1,0
"158","111722","SH P0-P5","LH","SSp-m","0.157","RS","W1-1.1","(+)2.500","(-)2.500",276.178137651822,"X",247,1,1,0
"159","111722","SH P0-P5","LH","SSp-m","0.157","RS","W1-1.1","(+)2.500","(-)2.500",276.178137651822,"X",247,1,1,0
"160","111722","SH P0-P5","LH","SSp-m","0.157","RS","W1-1.1","(+)2.500","(-)2.500",276.178137651822,"X",247,1,1,0
"161","111722","SH P0-P5","LH","SSp-m","0.157","RS","W1-1.1","(+)2.500","(-)2.500",276.178137651822,"X",247,1,1,0
"162","111722","SH P0-P5","LH","SSp-m","0.157","RS","W1-1.1","(+)2.500","(-)2.500",276.178137651822,"X",247,1,1,0
"163","111722","SH P0-P5","LH","SSp-m","0.157","RS","W1-1.1","(+)2.500","(-)2.500",276.178137651822,"X",247,1,1,0
"164","111722","SH P0-P5","LH","SSp-m","0.157","RS","W1-1.1","(+)2.500","(-)2.500",276.178137651822,"X",247,1,1,0
"165","111722","SH P0-P5","LH","SSp-m","0.157","RS","W1-1.1","(+)2.500","(-)2.500",276.178137651822,"X",247,1,1,0
"166","111722","SH P0-P5","LH","SSp-m","0.157","RS","W1-1.1","(+)2.500","(-)2.500",276.178137651822,"X",247,1,1,0
"167","111722","SH P0-P5","LH","SSp-m","0.157","RS","W1-1.1","(+)2.500","(-)2.500",276.178137651822,"X",247,1,1,0
"168","111722","SH P0-P5","LH","SSp-m","0.157","RS","W1-1.1","(+)2.500","(-)2.500",276.178137651822,"X",247,1,1,0
"169","111722","SH P0-P5","LH","SSp-m","0.157","RS","W1-1.1","(+)2.500","(-)2.500",276.178137651822,"X",247,1,1,0
"170","111722","SH P0-P5","LH","SSp-m","0.157","RS","W1-1.1","(+)2.500","(-)2.500",276.178137651822,"X",247,1,1,0
"171","111722","SH P0-P5","LH","SSp-m","0.157","RS","W1-1.1","(+)2.500","(-)2.500",276.178137651822,"X",247,1,1,0
"172","111722","SH P0-P5","LH","SSp-m","0.157","RS","W1-1.1","(+)2.500","(-)2.500",276.178137651822,"X",247,1,1,0
"173","111722","SH P0-P5","LH","SSp-m","0.157","RS","W1-1.1","(+)2.500","(-)2.500",276.178137651822,"X",247,1,1,0
"174","111722","SH P0-P5","LH","SSp-m","0.157","RS","W1-1.1","(+)2.500","(-)2.500",276.178137651822,"X",247,1,1,0
"175","111722","SH P0-P5","LH","SSp-m","0.157","RS","W1-1.1","(+)2.500","(-)2.500",276.178137651822,"X",247,1,1,0
"176","111722","SH P0-P5","LH","SSp-m","0.157","RS","W1-1.1","(+)2.500","(-)2.500",276.178137651822,"X",247,1,1,0
"177","111722","SH P0-P5","LH","SSp-m","0.157","RS","W1-1.1","(+)2.500","(-)2.500",276.178137651822,"X",247,1,1,0
"178","111722","SH P0-P5","LH","SSp-m","0.157","RS","W1-1.1","(+)2.500","(-)2.500",276.178137651822,"X",247,1,1,0
"179","111722","SH P0-P5","LH","SSp-m","0.157","RS","W1-1.1","(+)2.500","(-)2.500",276.178137651822,"X",247,1,1,0
"180","111722","SH P0-P5","LH","SSp-m","0.157","RS","W1-1.1","(+)2.500","(-)2.500",276.178137651822,"X",247,1,1,0
"181","111722","SH P0-P5","LH","SSp-m","0.157","RS","W1-1.1","(+)2.500","(-)2.500",276.178137651822,"X",247,1,1,0
"182","111722","SH P0-P5","LH","SSp-m","0.157","RS","W1-1.1","(+)2.500","(-)2.500",276.178137651822,"X",247,1,1,0
"183","111722","SH P0-P5","LH","SSp-m","0.157","RS","W1-1.1","(+)2.500","(-)2.500",276.178137651822,"X",247,1,1,0
"184","111722","SH P0-P5","LH","SSp-m","0.157","RS","W1-1.1","(+)2.500","(-)2.500",276.178137651822,"X",247,1,1,0
"185","111722","SH P0-P5","LH","SSp-m","0.157","RS","W1-1.1","(+)2.500","(-)2.500",276.178137651822,"X",247,1,1,0
"186","111722","SH P0-P5","LH","SSp-m","0.157","RS","W1-1.1","(+)2.500","(-)2.500",276.178137651822,"X",247,1,1,0
"187","111722","SH P0-P5","LH","SSp-m","0.157","RS","W1-1.1","(+)2.500","(-)2.500",276.178137651822,"X",247,1,1,0
"188","111722","SH P0-P5","LH","SSp-m","0.157","RS","W1-1.1","(+)2.500","(-)2.500",276.178137651822,"X",247,1,1,0
"189","111722","SH P0-P5","LH","SSp-m","0.157","RS","W1-1.1","(+)2.500","(-)2.500",276.178137651822,"X",247,1,1,0
"190","111722","SH P0-P5","LH","SSp-m","0.157","RS","W1-1.1","(+)2.500","(-)2.500",276.178137651822,"X",247,1,1,0
"191","111722","SH P0-P5","LH","SSp-m","0.157","RS","W1-1.1","(+)2.500","(-)2.500",276.178137651822,"X",247,1,1,0
"192","111722","SH P0-P5","LH","SSp-m","0.157","RS","W1-1.1","(+)2.500","(-)2.500",276.178137651822,"X",247,1,1,0
"193","111722","SH P0-P5","LH","SSp-m","0.157","RS","W1-1.1","(+)2.500","(-)2.500",276.178137651822,"X",247,1,1,0
"194","111722","SH P0-P5","LH","SSp-m","0.157","RS","W1-1.1","(+)2.500","(-)2.500",276.178137651822,"X",247,1,1,0
"195","111722","SH P0-P5","LH","SSp-m","0.157","RS","W1-1.1","(+)2.500","(-)2.500",276.178137651822,"X",247,1,1,0
"196","111722","SH P0-P5","LH","SSp-m","0.157","RS","W1-1.1","(+)2.500","(-)2.500",276.178137651822,"X",247,1,1,0
"197","111722","SH P0-P5","LH","SSp-m","0.157","RS","W1-1.1","(+)2.500","(-)2.500",276.178137651822,"X",247,1,1,0
"198","111722","SH P0-P5","LH","SSp-m","0.157","RS","W1-1.1","(+)2.500","(-)2.500",276.178137651822,"X",247,1,1,0
"199","111722","SH P0-P5","LH","SSp-m","0.157","RS","W1-1.1","(+)2.500","(-)2.500",276.178137651822,"X",247,1,1,0
"200","111722","SH P0-P5","LH","SSp-m","0.157","RS","W1-1.1","(+)2.500","(-)2.500",276.178137651822,"X",247,1,1,0
"201","111722","SH P0-P5","LH","SSp-m","0.157","RS","W1-1.1","(+)2.500","(-)2.500",276.178137651822,"X",247,1,1,0
"202","111722","SH P0-P5","LH","SSp-m","0.157","RS","W1-1.1","(+)2.500","(-)2.500",276.178137651822,"X",247,1,1,0
"203","111722","SH P0-P5","LH","SSp-m","0.157","RS","W1-1.1","(+)2.500","(-)2.500",276.178137651822,"X",247,1,1,0
"204","111722","SH P0-P5","LH","SSp-m","0.157","RS","W1-1.1","(+)2.500","(-)2.500",276.178137651822,"X",247,1,1,0
"205","111722","SH P0-P5","LH","SSp-m","0.157","RS","W1-1.1","(+)2.500","(-)2.500",276.178137651822,"X",247,1,1,0
"206","111722","SH P0-P5","LH","SSp-m","0.157","RS","W1-1.1","(+)2.500","(-)2.500",276.178137651822,"X",247,1,1,0
"207","111722","SH P0-P5","LH","SSp-m","0.157","RS","W1-1.1","(+)2.500","(-)2.500",276.178137651822,"X",247,1,1,0
"208","111722","SH P0-P5","LH","SSp-m","0.157","RS","W1-1.1","(+)2.500","(-)2.500",276.178137651822,"X",247,1,1,0
"209","111722","SH P0-P5","LH","SSp-m","0.157","RS","W1-1.1","(+)2.500","(-)2.500",276.178137651822,"X",247,1,1,0
"210","111722","SH P0-P5","LH","SSp-m","0.157","RS","W1-1.1","(+)2.500","(-)2.500",276.178137651822,"X",247,1,1,0
"211","111722","SH P0-P5","LH","SSp-m","0.157","RS","W1-1.1","(+)2.500","(-)2.500",276.178137651822,"X",247,1,1,0
"212","111722","SH P0-P5","LH","SSp-m","0.157","RS","W1-1.1","(+)2.500","(-)2.500",276.178137651822,"X",247,1,1,0
"213","111722","SH P0-P5","LH","SSp-m","0.157","RS","W1-1.1","(+)2.500","(-)2.500",276.178137651822,"X",247,1,1,0
"214","111722","SH P0-P5","LH","SSp-m","0.157","RS","W1-1.1","(+)2.500","(-)2.500",276.178137651822,"X",247,1,1,0
"215","111722","SH P0-P5","LH","SSp-m","0.157","RS","W1-1.1","(+)2.500","(-)2.500",276.178137651822,"X",247,1,1,0
"216","111722","SH P0-P5","LH","SSp-m","0.157","RS","W1-1.1","(+)2.500","(-)2.500",276.178137651822,"X",247,1,1,0
"217","111722","SH P0-P5","LH","SSp-m","0.157","RS","W1-1.1","(+)2.500","(-)2.500",276.178137651822,"X",247,1,1,0
"218","111722","SH P0-P5","LH","SSp-m","0.157","RS","W1-1.1","(+)2.500","(-)2.500",276.178137651822,"X",247,1,1,0
"219","111722","SH P0-P5","LH","SSp-m","0.157","RS","W1-1.1","(+)2.500","(-)2.500",276.178137651822,"X",247,1,1,0
"220","111722","SH P0-P5","LH","SSp-m","0.157","RS","W1-1.1","(+)2.500","(-)2.500",276.178137651822,"X",247,1,1,0
"221","111722","SH P0-P5","LH","SSp-m","0.157","RS","W1-1.1","(+)2.500","(-)2.500",276.178137651822,"X",247,1,1,0
"222","111722","SH P0-P5","LH","SSp-m","0.157","RS","W1-1.1","(+)2.500","(-)2.500",276.178137651822,"X",247,1,1,0
"223","111722","SH P0-P5","LH","SSp-m","0.157","RS","W1-1.1","(+)2.500","(-)2.500",276.178137651822,"X",247,1,1,0
"224","111722","SH P0-P5","LH","SSp-m","0.157","RS","W1-1.1","(+)2.500","(-)2.500",276.178137651822,"X",247,1,1,0
"225","111722","SH P0-P5","LH","SSp-m","0.157","RS","W1-1.1","(+)2.500","(-)2.500",276.178137651822,"X",247,1,1,0
"226","111722","SH P0-P5","LH","SSp-m","0.157","RS","W1-1.1","(+)2.500","(-)2.500",276.178137651822,"X",247,1,1,0
"227","111722","SH P0-P5","LH","SSp-m","0.157","RS","W1-1.1","(+)2.500","(-)2.500",276.178137651822,"X",247,1,1,0
"228","111722","SH P0-P5","LH","SSp-m","0.157","RS","W1-1.1","(+)2.500","(-)2.500",276.178137651822,"X",247,1,1,0
"229","111722","SH P0-P5","LH","SSp-m","0.157","RS","W1-1.1","(+)2.500","(-)2.500",276.178137651822,"X",247,1,1,0
"230","111722","SH P0-P5","LH","SSp-m","0.157","RS","W1-1.1","(+)2.500","(-)2.500",276.178137651822,"X",247,1,1,0
"231","111722","SH P0-P5","LH","SSp-m","0.157","RS","W1-1.1","(+)2.500","(-)2.500",276.178137651822,"X",247,1,1,0
"232","111722","SH P0-P5","LH","SSp-m","0.157","RS","W1-1.1","(+)2.500","(-)2.500",276.178137651822,"X",247,1,1,0
"233","111722","SH P0-P5","LH","SSp-m","0.157","RS","W1-1.1","(+)2.500","(-)2.500",276.178137651822,"X",247,1,1,0
"234","111722","SH P0-P5","LH","SSp-m","0.157","RS","W1-1.1","(+)2.500","(-)2.500",276.178137651822,"X",247,1,1,0
"235","111722","SH P0-P5","LH","SSp-m","0.157","RS","W1-1.1","(+)2.500","(-)2.500",276.178137651822,"X",247,1,1,0
"236","111722","SH P0-P5","LH","SSp-m","0.157","RS","W1-1.1","(+)2.500","(-)2.500",276.178137651822,"X",247,1,1,0
"237","111722","SH P0-P5","LH","SSp-m","0.157","RS","W1-1.1","(+)2.500","(-)2.500",276.178137651822,"X",247,1,1,0
"238","111722","SH P0-P5","LH","SSp-m","0.157","RS","W1-1.1","(+)2.500","(-)2.500",276.178137651822,"X",247,1,1,0
"239","111722","SH P0-P5","LH","SSp-m","0.157","RS","W1-1.1","(+)2.500","(-)2.500",276.178137651822,"X",247,1,1,0
"240","111722","SH P0-P5","LH","SSp-m","0.157","RS","W1-1.1","(+)2.500","(-)2.500",276.178137651822,"X",247,1,1,0
"241","111722","SH P0-P5","LH","SSp-m","0.157","RS","W1-1.1","(+)2.500","(-)2.500",276.178137651822,"X",247,1,1,0
"242","111722","SH P0-P5","LH","SSp-m","0.157","RS","W1-1.1","(+)2.500","(-)2.500",276.178137651822,"X",247,1,1,0
"243","111722","SH P0-P5","LH","SSp-m","0.157","RS","W1-1.1","(+)2.500","(-)2.500",276.178137651822,"X",247,1,1,0
"244","111722","SH P0-P5","LH","SSp-m","0.157","RS","W1-1.1","(+)2.500","(-)2.500",276.178137651822,"X",247,1,1,0
"245","111722","SH P0-P5","LH","SSp-m","0.157","RS","W1-1.1","(+)2.500","(-)2.500",276.178137651822,"X",247,1,1,0
"246","111722","SH P0-P5","LH","SSp-m","0.157","RS","W1-1.1","(+)2.500","(-)2.500",276.178137651822,"X",247,1,1,0
"247","111722","SH P0-P5","LH","SSp-m","0.157","RS","W1-1.1","(+)2.500","(-)2.500",276.178137651822,"X",247,1,1,0
